%YAML:1.0
---
intrinsic-0: !!opencv-matrix
   rows: 3
   cols: 3
   dt: d
   data: [ 4.8286808864333880e+03, 0., 1.9996534937362837e+03, 0.,
       4.4974825820280639e+03, 3.0001007095568239e+03, 0., 0., 1. ]
extrinsic-0: !!opencv-matrix
   rows: 3
   cols: 4
   dt: d
   data: [ 9.9948124161748153e-01, -3.0192294102341592e-02,
       1.1210398370047548e-02, 5.5954368915134669e+00,
       3.0061768787043409e-02, 9.9948032650993512e-01,
       1.1634731496166261e-02, 2.2933270372323062e+01,
       -1.1555851858335596e-02, -1.1291691477863257e-02,
       9.9986947147685079e-01, 1. ]
distCoeff-0: !!opencv-matrix
   rows: 4
   cols: 1
   dt: d
   data: [ 0., 0., 0., 0. ]
intrinsic-1: !!opencv-matrix
   rows: 3
   cols: 3
   dt: d
   data: [ 4.8277438594860769e+03, 0., 2.0002354097080520e+03, 0.,
       4.5837360788224059e+03, 3.0001821665700845e+03, 0., 0., 1. ]
extrinsic-1: !!opencv-matrix
   rows: 3
   cols: 4
   dt: d
   data: [ 7.6374551437175342e-01, -1.4611711600199723e-01,
       6.2876273560722784e-01, 6.0378818313591589e+00,
       9.3036849110188807e-02, 9.8879122505024708e-01,
       1.1677353283719558e-01, 2.2142276563979259e+01,
       -6.3877768745055086e-01, -3.0687158142951587e-02,
       7.6877913885617100e-01, 1. ]
distCoeff-1: !!opencv-matrix
   rows: 4
   cols: 1
   dt: d
   data: [ 0., 0., 0., 0. ]
intrinsic-2: !!opencv-matrix
   rows: 3
   cols: 3
   dt: d
   data: [ 4.8277597868260837e+03, 0., 2.0000256095531304e+03, 0.,
       4.5872228854786699e+03, 3.0001474442069252e+03, 0., 0., 1. ]
extrinsic-2: !!opencv-matrix
   rows: 3
   cols: 4
   dt: d
   data: [ 4.1767176835223074e-01, -2.1747753938667017e-01,
       8.8218694945223475e-01, 3.9215872945458350e+00,
       8.9911603819633673e-02, 9.7605939965169153e-01,
       1.9805037705129722e-01, 2.1504222070177615e+01,
       -9.0413837293862365e-01, -3.4012077118408257e-03,
       4.2722620983034176e-01, 1. ]
distCoeff-2: !!opencv-matrix
   rows: 4
   cols: 1
   dt: d
   data: [ 0., 0., 0., 0. ]
intrinsic-3: !!opencv-matrix
   rows: 3
   cols: 3
   dt: d
   data: [ 4.8276361735454075e+03, 0., 1.9999174546573595e+03, 0.,
       4.5947641864654952e+03, 3.0001531824994836e+03, 0., 0., 1. ]
extrinsic-3: !!opencv-matrix
   rows: 3
   cols: 4
   dt: d
   data: [ 8.1931398431553129e-02, -2.5886663852900443e-01,
       9.6243197650937584e-01, 7.0394517665200240e+00,
       7.2122464290174104e-02, 9.6468676724211644e-01,
       2.5333335992850803e-01, 2.1054065420468223e+01,
       -9.9402494742122172e-01, 4.8657009409212471e-02,
       9.7708235781786335e-02, 1. ]
distCoeff-3: !!opencv-matrix
   rows: 4
   cols: 1
   dt: d
   data: [ 0., 0., 0., 0. ]
intrinsic-4: !!opencv-matrix
   rows: 3
   cols: 3
   dt: d
   data: [ 4.8279349020505324e+03, 0., 1.9999202895768503e+03, 0.,
       4.5568795177037073e+03, 3.0000219290440991e+03, 0., 0., 1. ]
extrinsic-4: !!opencv-matrix
   rows: 3
   cols: 4
   dt: d
   data: [ -3.5708907897515529e-01, -2.8568234609141041e-01,
       8.8931039958407254e-01, 4.2338986414954576e+00,
       1.5515888500351099e-02, 9.5013523680319001e-01,
       3.1145190477662921e-01, 2.0406308535493338e+01,
       -9.3394145795157835e-01, 1.2501451482389345e-01,
       -3.3485030118341919e-01, 1. ]
distCoeff-4: !!opencv-matrix
   rows: 4
   cols: 1
   dt: d
   data: [ 0., 0., 0., 0. ]
intrinsic-5: !!opencv-matrix
   rows: 3
   cols: 3
   dt: d
   data: [ 4.8282666286009426e+03, 0., 1.9997882139432757e+03, 0.,
       4.4786215675926178e+03, 2.9997481967780486e+03, 0., 0., 1. ]
extrinsic-5: !!opencv-matrix
   rows: 3
   cols: 4
   dt: d
   data: [ -7.1480016130345281e-01, -2.7653838619602578e-01,
       6.4232954965551392e-01, 1.0387553182367355e+01,
       -5.8843046305428498e-02, 9.3902050027034434e-01,
       3.3878901395046673e-01, 1.9899195942659173e+01,
       -6.9684878223475066e-01, 2.0436981438590690e-01,
       -6.8748436612465225e-01, 1. ]
distCoeff-5: !!opencv-matrix
   rows: 4
   cols: 1
   dt: d
   data: [ 0., 0., 0., 0. ]
