%YAML:1.0
---
cur_pntsI:
   - [ 2.0910922851562500e+03, 3.0955187988281250e+03,
       2.0936940917968750e+03, 3.2590769042968750e+03,
       2.2422512207031250e+03, 2.9729499511718750e+03,
       2.1735493164062500e+03, 2.8293505859375000e+03,
       2.4206774902343750e+03, 3.8703701171875000e+03,
       2.4738234863281250e+03, 3.7460327148437500e+03,
       2.3784868164062500e+03, 3.3697377929687500e+03,
       2.2398105468750000e+03, 3.4544089355468750e+03,
       1.9284381103515625e+03, 3.3425937500000000e+03,
       2.0277084960937500e+03, 3.4707202148437500e+03,
       2.6319404296875000e+03, 3.3332077636718750e+03,
       2.6341965332031250e+03, 3.1745329589843750e+03,
       2.4985644531250000e+03, 3.0041120605468750e+03,
       2.3969753417968750e+03, 3.1182988281250000e+03,
       2.5988566894531250e+03, 3.5534758300781250e+03,
       2.4627329101562500e+03, 3.5334406738281250e+03,
       2.7577856445312500e+03, 3.0436938476562500e+03,
       2.7224704589843750e+03, 2.8919489746093750e+03,
       1.9584423828125000e+03, 2.7098806152343750e+03,
       1.9429012451171875e+03, 2.8585676269531250e+03,
       2.8793405761718750e+03, 3.1361286621093750e+03,
       2.8397861328125000e+03, 3.2801586914062500e+03,
       2.3189272460937500e+03, 2.6088354492187500e+03,
       2.1707746582031250e+03, 2.6369750976562500e+03,
       2.3755524902343750e+03, 2.7629230957031250e+03,
       2.5223193359375000e+03, 2.8092480468750000e+03, 0., 0., 0., 0.,
       0., 0., 0., 0., 0., 0., 0., 0., 0., 0., 0., 0., 0., 0., 0., 0.,
       0., 0., 0., 0., 0., 0., 0., 0., 0., 0., 0., 0., 0., 0., 0., 0.,
       0., 0., 0., 0., 0., 0., 0., 0., 0., 0., 0., 0., 0., 0., 0., 0.,
       0., 0., 0., 0., 0., 0., 0., 0., 0., 0., 0., 0., 0., 0., 0., 0.,
       0., 0., 0., 0., 0., 0., 0., 0., 0., 0., 0., 0., 0., 0., 0., 0.,
       0., 0., 0., 0., 0., 0., 0., 0., 0., 0., 0., 0., 0., 0., 0., 0.,
       0., 0., 0., 0., 0., 0., 0., 0., 0., 0., 0., 0., 0., 0., 0., 0.,
       0., 0., 0., 0., 0., 0., 0., 0., 0., 0., 0., 0., 0., 0., 0., 0.,
       0., 0., 0., 0., 0., 0., 0., 0., 0., 0., 0., 0., 0., 0., 0., 0.,
       0., 0., 0., 0., 0., 0., 0., 0., 0., 0., 0., 0., 0., 0., 0., 0.,
       0., 0., 0., 0., 0., 0., 0., 0., 0., 0., 0., 0. ]
   - [ 1.3576166992187500e+03, 2.9674511718750000e+03,
       1.3382000732421875e+03, 3.1207055664062500e+03,
       1.4945539550781250e+03, 2.8625925292968750e+03,
       1.4825462646484375e+03, 2.7265307617187500e+03,
       1.6798140869140625e+03, 3.7883403320312500e+03,
       1.6926259765625000e+03, 3.6623581542968750e+03,
       1.5583680419921875e+03, 3.2568708496093750e+03,
       1.4396663818359375e+03, 3.3233630371093750e+03,
       1.2267102050781250e+03, 3.1867895507812500e+03,
       1.2868636474609375e+03, 3.3163471679687500e+03,
       1.8209655761718750e+03, 3.2579291992187500e+03,
       1.8372462158203125e+03, 3.0970415039062500e+03,
       1.7215412597656250e+03, 2.9130920410156250e+03,
       1.5997878417968750e+03, 3.0132695312500000e+03,
       1.7924979248046875e+03, 3.4815305175781250e+03,
       1.6433465576171875e+03, 3.4351257324218750e+03,
       2.0172292480468750e+03, 2.9847343750000000e+03,
       2.0155224609375000e+03, 2.8290112304687500e+03,
       1.3763591308593750e+03, 2.6139694824218750e+03,
       1.3159945068359375e+03, 2.7453850097656250e+03,
       2.1784875488281250e+03, 3.1013605957031250e+03,
       2.1001164550781250e+03, 3.2431582031250000e+03,
       1.6931186523437500e+03, 2.5309306640625000e+03,
       1.5547651367187500e+03, 2.5523325195312500e+03,
       1.6769819335937500e+03, 2.6753334960937500e+03,
       1.8062576904296875e+03, 2.7289118652343750e+03,
       2.2759379882812500e+03, 3.8123000488281250e+03,
       2.1236396484375000e+03, 3.8471650390625000e+03,
       2.8030593261718750e+03, 3.4860397949218750e+03,
       2.7622910156250000e+03, 3.3721315917968750e+03,
       2.2471838378906250e+03, 3.5248808593750000e+03,
       2.1408107910156250e+03, 3.6395515136718750e+03,
       1.9718303222656250e+03, 3.4011818847656250e+03,
       1.9811013183593750e+03, 3.5550393066406250e+03,
       2.5708571777343750e+03, 3.5275754394531250e+03,
       2.6844016113281250e+03, 3.5523403320312500e+03,
       2.4443652343750000e+03, 3.4439455566406250e+03,
       2.3787456054687500e+03, 3.5861474609375000e+03,
       2.3660092773437500e+03, 3.0051623535156250e+03,
       2.2512583007812500e+03, 2.8920795898437500e+03,
       2.7341535644531250e+03, 3.1457932128906250e+03,
       2.6323466796875000e+03, 3.2332700195312500e+03,
       1.9089193115234375e+03, 2.5055722656250000e+03,
       2.0255997314453125e+03, 2.4268017578125000e+03,
       2.3085097656250000e+03, 3.2295339355468750e+03,
       2.4574016113281250e+03, 3.1985432128906250e+03,
       2.3805808105468750e+03, 2.6590856933593750e+03,
       2.4000529785156250e+03, 2.8015427246093750e+03,
       2.7546838378906250e+03, 2.8842500000000000e+03,
       2.8272260742187500e+03, 3.0128347167968750e+03,
       2.1361083984375000e+03, 2.6320866699218750e+03,
       1.9809857177734375e+03, 2.6576606445312500e+03,
       2.6073786621093750e+03, 2.8210151367187500e+03,
       2.5785192871093750e+03, 2.9599052734375000e+03,
       2.6484877929687500e+03, 3.7368708496093750e+03,
       2.7606276855468750e+03, 3.6513471679687500e+03, 0., 0., 0., 0.,
       0., 0., 0., 0., 0., 0., 0., 0., 0., 0., 0., 0., 0., 0., 0., 0.,
       0., 0., 0., 0., 0., 0., 0., 0., 0., 0., 0., 0., 0., 0., 0., 0.,
       0., 0., 0., 0., 0., 0., 0., 0., 0., 0., 0., 0., 0., 0., 0., 0.,
       0., 0., 0., 0., 0., 0., 0., 0., 0., 0., 0., 0., 0., 0., 0., 0.,
       0., 0., 0., 0., 0., 0., 0., 0., 0., 0., 0., 0., 0., 0., 0., 0.,
       0., 0., 0., 0., 0., 0., 0., 0., 0., 0., 0., 0., 0., 0., 0., 0.,
       0., 0., 0., 0., 0., 0., 0., 0., 0., 0., 0., 0., 0., 0., 0., 0. ]
   - [ 0., 0., 0., 0., 0., 0., 0., 0., 0., 0., 0., 0., 0., 0., 0., 0.,
       0., 0., 0., 0., 1.3420135498046875e+03, 3.1587050781250000e+03,
       1.3671551513671875e+03, 3.0056706542968750e+03,
       1.3128463134765625e+03, 2.8306147460937500e+03,
       1.2175000000000000e+03, 2.9220695800781250e+03, 0., 0., 0., 0.,
       1.5239472656250000e+03, 2.9051528320312500e+03,
       1.5521418457031250e+03, 2.7571188964843750e+03, 0., 0., 0., 0.,
       1.6496531982421875e+03, 3.0253740234375000e+03,
       1.5670749511718750e+03, 3.1593171386718750e+03, 0., 0., 0., 0.,
       0., 0., 0., 0., 1.7742852783203125e+03, 3.7566250000000000e+03,
       1.6367994384765625e+03, 3.7741821289062500e+03,
       2.3675930175781250e+03, 3.4895266113281250e+03,
       2.2952543945312500e+03, 3.3588896484375000e+03,
       1.7023229980468750e+03, 3.4529135742187500e+03,
       1.6133857421875000e+03, 3.5595451660156250e+03,
       1.4549439697265625e+03, 3.3062531738281250e+03,
       1.4679660644531250e+03, 3.4592985839843750e+03,
       2.0533994140625000e+03, 3.4949582519531250e+03,
       2.2041560058593750e+03, 3.5397766113281250e+03,
       1.9010024414062500e+03, 3.3911450195312500e+03,
       1.8407259521484375e+03, 3.5310568847656250e+03,
       1.8450325927734375e+03, 2.9424323730468750e+03,
       1.7511418457031250e+03, 2.8257346191406250e+03,
       2.2615810546875000e+03, 3.1173439941406250e+03,
       2.1217880859375000e+03, 3.1953679199218750e+03,
       1.5663786621093750e+03, 2.4559377441406250e+03,
       1.6971596679687500e+03, 2.3833508300781250e+03,
       1.7623284912109375e+03, 3.1606005859375000e+03,
       1.9201593017578125e+03, 3.1421450195312500e+03,
       1.9444952392578125e+03, 2.6065131835937500e+03,
       1.9227597656250000e+03, 2.7451735839843750e+03,
       2.3380021972656250e+03, 2.8528137207031250e+03,
       2.4160495605468750e+03, 2.9922587890625000e+03,
       1.7111495361328125e+03, 2.5741650390625000e+03,
       1.5690493164062500e+03, 2.5960671386718750e+03,
       2.1574306640625000e+03, 2.7768603515625000e+03,
       2.0898767089843750e+03, 2.9128288574218750e+03,
