%YAML:1.0
---
circles: [ 2075., 3179., 1.0405001201345437e+03, 2034., 3166.,
    1.0341566612462543e+03, 2032., 3160., 1.0355391108017118e+03, 2066.,
    3165., 1.0285010938253786e+03, 2039., 3166., 1.0315059379373440e+03,
    2100., 3167., 1.0334801642992477e+03 ]
pntpairsW_size: 6
pntpairsW_0:
   - [ 8.2220144504191154e+01, -7.3809423902036020e+00,
       -7.9128342078377585e+01, 7.7290060881767118e+01,
       7.2862687699574344e+00, -8.3880200532424936e+01 ]
   - [ 6.7446147953120033e+01, -1.7095622722086894e+01,
       -9.2911192466346705e+01, 6.4083332926440377e+01,
       -3.2435766877901251e+01, -9.1572483797479620e+01 ]
   - [ 5.0756958663278823e+01, 3.3733869821823504e+01,
       -9.8186194453645669e+01, 3.6240828868922407e+01,
       3.0661390176703399e+01, -1.0789897313228248e+02 ]
   - [ 5.3304793072515999e+01, 1.1353133468161403e+01,
       -1.0394781452903320e+02, 5.3334954048533305e+01,
       -4.3465221056148415e+00, -1.0541213698303488e+02 ]
   - [ 2.7261723192963565e+01, 1.3929279580088490e+01,
       -1.1734846751922913e+02, 1.3894579797256869e+01,
       2.1897206451471398e+01, -1.1890454392121316e+02 ]
   - [ -7.0480840835799327e+01, -1.4273891376766315e+01,
       -9.3238497295017837e+01, -8.0652686958203148e+01,
       -3.7348984592999095e+00, -8.3798411091489470e+01 ]
   - [ -9.4842390347577901e+00, 6.9482553628919845e+01,
       -9.0021477351004847e+01, -1.8175509448696953e+01,
       5.7161129805274186e+01, -9.9182634509563428e+01 ]
   - [ -5.0149312891795780e+01, -3.3432778339604923e+01,
       -1.0405953141954257e+02, -5.3912265179069024e+01,
       -1.8457895253913140e+01, -1.0592608600299954e+02 ]
   - [ 5.0477948707134807e+01, 7.5969542339169323e+01,
       -6.6337346568293569e+01, 5.7970522113353390e+01,
       6.2570786873123581e+01, -7.3759134483627221e+01 ]
   - [ -1.5796487927326346e+01, 1.0984962518141685e+01,
       -1.2218321427295272e+02, -6.3690466099160972e+00,
       2.3362756985150817e+01, -1.1985208865148073e+02 ]
   - [ -7.5041774507138925e+01, 3.3660100309874736e+01,
       -8.0465766019617817e+01, -7.3618122475988827e+01,
       1.8352808114378163e+01, -8.7892243932770086e+01 ]
   - [ -2.6722271341875370e+01, 3.8280128539179081e+01,
       -1.0933048047909341e+02, -4.0627707907903428e+01,
       4.3527177469175044e+01, -1.0061165961676869e+02 ]
   - [ -6.0221807218790140e+01, 7.3485173962173143e+00,
       -1.0189647877675949e+02, -5.3090957889618899e+01,
       2.1118441240629849e+01, -1.0377853497033675e+02 ]
   - [ 1.8205644615693430e+01, 4.5043612413289154e+01,
       -1.0687951008190261e+02, 2.6996897926070780e+00,
       4.6999494123040321e+01, -1.0801917920224543e+02 ]
   - [ -6.2866583378005032e+01, -5.0382030221844275e+01,
       -8.5698323165242101e+01, -7.0626016075656153e+01,
       -3.6704644851679213e+01, -8.6315384669996590e+01 ]
   - [ 8.9214948879482012e+00, -8.4759525557165844e+01,
       -8.0444842299926663e+01, 1.8932862364876193e+01,
       -7.4541882945771135e+01, -8.9228729225497148e+01 ]
   - [ 3.9298239871936246e+01, -2.1105644583597243e+01,
       -1.1222442605521489e+02, 2.8927305467100524e+01,
       -1.0198721319236641e+01, -1.1864085349544852e+02 ]
   - [ 1.4029304701333553e+01, -2.4076687327562826e+01,
       -1.2086578709377223e+02, 7.6294939292857382e+00,
       -3.7865629064711115e+01, -1.1713418101096654e+02 ]
   - [ -3.2213016886060949e+01, -2.3773612368533161e+01,
       -1.1655385608669489e+02, -2.0377034116553144e+01,
       -1.4590015965497773e+01, -1.2212532550483346e+02 ]
   - [ -3.9279829763617990e+01, -3.2318949466332221e+00,
       -1.1588629356428167e+02, -3.4302101287764174e+01,
       1.1408265810562362e+01, -1.1655156205355344e+02 ]
   - [ -7.0854706592793661e+00, -7.9713213701526882e+01,
       -8.6564675553956434e+01, -1.9114516920313136e+01,
       -7.0808868680672788e+01, -9.3471876946190690e+01 ]
   - [ 3.4238264342770030e+01, 6.7975569991509502e+01,
       -8.3677385937804999e+01, 3.8766182817272849e+01,
       5.3719421467696520e+01, -9.3214974110271783e+01 ]
   - [ 2.7650572132853590e+01, -4.4647042333252763e+01,
       -1.0873262117653823e+02, 4.2516597802023078e+01,
       -4.0321720479007979e+01, -1.0374988623904706e+02 ]
   - [ -4.1682534789099712e-01, -1.2493238405226307e+01,
       -1.2458203015603146e+02, -1.7190578219462793e-01,
       2.9346998068429606e+00, -1.2460903627086637e+02 ]
   - [ -1.3049995507131667e+01, -4.9707210749403046e+01,
       -1.1069221417706541e+02, -1.4476014419011518e+01,
       -3.5043057258895033e+01, -1.1786131874285618e+02 ]
   - [ 2.2675112922916554e+01, -6.0366011958446592e+01,
       -1.0037183997462115e+02, 7.7544614168399146e+00,
       -5.7141393857420049e+01, -1.0607796065647906e+02 ]
   - [ -4.1316811610437867e+01, -5.8134020703813199e+01,
       -9.5310488794305272e+01, -3.4408355003188895e+01,
       -4.6342034374708120e+01, -1.0639664974419222e+02 ]
