%YAML:1.0
---
intrinsic-0: !!opencv-matrix
   rows: 3
   cols: 3
   dt: d
   data: [ 4.8287027379599513e+03, 0., 1.9996581145731839e+03, 0.,
       4.4919643433670090e+03, 3.0001474586682639e+03, 0., 0., 1. ]
extrinsic-0: !!opencv-matrix
   rows: 3
   cols: 4
   dt: d
   data: [ 9.9976591491469136e-01, -2.0037779676197357e-02,
       8.1610514296994521e-03, 5.5443059033767756e+00,
       1.9991512283783059e-02, 9.9978383310834074e-01,
       5.7119604166067832e-03, 2.3256611740699242e+01,
       -8.2737422849263505e-03, -5.5474715719599612e-03,
       9.9995038414301385e-01, 1. ]
distCoeff-0: !!opencv-matrix
   rows: 4
   cols: 1
   dt: d
   data: [ 0., 0., 0., 0. ]
intrinsic-1: !!opencv-matrix
   rows: 3
   cols: 3
   dt: d
   data: [ 4.8275330510290587e+03, 0., 2.0001331194901816e+03, 0.,
       4.5884806728364456e+03, 3.0001831546736644e+03, 0., 0., 1. ]
extrinsic-1: !!opencv-matrix
   rows: 3
   cols: 4
   dt: d
   data: [ 7.6847225879843373e-01, -1.3448926060754351e-01,
       6.2559014237635591e-01, 5.1883784370299972e+00,
       8.4150757666269990e-02, 9.9041294622267584e-01,
       1.0954837259727654e-01, 2.2265314677526170e+01,
       -6.3432565567019727e-01, -3.1541000868001462e-02,
       7.7242224710505270e-01, 1. ]
distCoeff-1: !!opencv-matrix
   rows: 4
   cols: 1
   dt: d
   data: [ 0., 0., 0., 0. ]
intrinsic-2: !!opencv-matrix
   rows: 3
   cols: 3
   dt: d
   data: [ 4.8275108793933305e+03, 0., 1.9999886303199753e+03, 0.,
       4.5902227097063178e+03, 3.0001825012304180e+03, 0., 0., 1. ]
extrinsic-2: !!opencv-matrix
   rows: 3
   cols: 4
   dt: d
   data: [ 4.1677634078095538e-01, -2.0806074934869961e-01,
       8.8487750923260267e-01, 3.5771035987433613e+00,
       8.0970269584999768e-02, 9.7808064644285331e-01,
       1.9183864182500621e-01, 2.1637205455937991e+01,
       -9.0539565782511322e-01, -8.3050366879474508e-03,
       4.2448760777794498e-01, 1. ]
distCoeff-2: !!opencv-matrix
   rows: 4
   cols: 1
   dt: d
   data: [ 0., 0., 0., 0. ]
intrinsic-3: !!opencv-matrix
   rows: 3
   cols: 3
   dt: d
   data: [ 4.8273364391664036e+03, 0., 1.9998629002551593e+03, 0.,
       4.6026589851172830e+03, 3.0001502762419686e+03, 0., 0., 1. ]
extrinsic-3: !!opencv-matrix
   rows: 3
   cols: 4
   dt: d
   data: [ 7.6434390328602900e-02, -2.5197969756051314e-01,
       9.6470929092261115e-01, 6.8961151864146215e+00,
       6.1261303272141285e-02, 9.6689858134132356e-01,
       2.4769777173308388e-01, 2.1345357501634748e+01,
       -9.9519085440758226e-01, 4.0166720272490783e-02,
       8.9340908245092165e-02, 1. ]
distCoeff-3: !!opencv-matrix
   rows: 4
   cols: 1
   dt: d
   data: [ 0., 0., 0., 0. ]
intrinsic-4: !!opencv-matrix
   rows: 3
   cols: 3
   dt: d
   data: [ 4.8278231411269335e+03, 0., 2.0001849751348909e+03, 0.,
       4.5531652571898831e+03, 3.0001037958140569e+03, 0., 0., 1. ]
extrinsic-4: !!opencv-matrix
   rows: 3
   cols: 4
   dt: d
   data: [ -3.8428510260207688e-01, -2.8053210292515751e-01,
       8.7956051477229247e-01, 6.2297862673362605e+00,
       1.0359382752382074e-03, 9.5258363175423166e-01,
       3.0427512442821925e-01, 2.0983684489747656e+01,
       -9.2321389003307419e-01, 1.1783956781279878e-01,
       -3.6577308472288067e-01, 1. ]
distCoeff-4: !!opencv-matrix
   rows: 4
   cols: 1
   dt: d
   data: [ 0., 0., 0., 0. ]
intrinsic-5: !!opencv-matrix
   rows: 3
   cols: 3
   dt: d
   data: [ 4.8284021670699212e+03, 0., 1.9999946449044789e+03, 0.,
       4.4594734204737424e+03, 2.9997799141338596e+03, 0., 0., 1. ]
extrinsic-5: !!opencv-matrix
   rows: 3
   cols: 4
   dt: d
   data: [ -7.3342458123844168e-01, -2.7347782611833760e-01,
       6.2233291914923217e-01, 1.2047052701409379e+01,
       -6.9907907383000914e-02, 9.4099430282350771e-01,
       3.3112324977118279e-01, 2.0045661216538697e+01,
       -6.7616659790361289e-01, 1.9934793872846449e-01,
       -7.0926661503567623e-01, 1. ]
distCoeff-5: !!opencv-matrix
   rows: 4
   cols: 1
   dt: d
   data: [ 0., 0., 0., 0. ]
