%YAML:1.0
---
intrinsic-0: !!opencv-matrix
   rows: 3
   cols: 3
   dt: d
   data: [ 4.8286796639622780e+03, 0., 1.9996532978010780e+03, 0.,
       4.5091961323698833e+03, 3.0001038706063750e+03, 0., 0., 1. ]
extrinsic-0: !!opencv-matrix
   rows: 3
   cols: 4
   dt: d
   data: [ 9.9945954976313789e-01, -3.0914556703112359e-02,
       1.1175802929354434e-02, 5.5918997428143813e+00,
       3.0778525283040242e-02, 9.9945243234771297e-01,
       1.2145692884370549e-02, 2.2955433016881411e+01,
       -1.1545162132554446e-02, -1.1795154008754926e-02,
       9.9986378250901897e-01, 1. ]
distCoeff-0: !!opencv-matrix
   rows: 4
   cols: 1
   dt: d
   data: [ 0., 0., 0., 0. ]
intrinsic-1: !!opencv-matrix
   rows: 3
   cols: 3
   dt: d
   data: [ 4.8277360663494746e+03, 0., 2.0002256611399198e+03, 0.,
       4.5963817971206436e+03, 3.0001769599796253e+03, 0., 0., 1. ]
extrinsic-1: !!opencv-matrix
   rows: 3
   cols: 4
   dt: d
   data: [ 7.6418748460946795e-01, -1.4651184080560586e-01,
       6.2813355973869678e-01, 5.9648388166493458e+00,
       9.3908956005923652e-02, 9.8875552370078190e-01,
       1.1637706961884692e-01, 2.2091423978495843e+01,
       -6.3812114551089083e-01, -2.9946533270902055e-02,
       7.6935337056317821e-01, 1. ]
distCoeff-1: !!opencv-matrix
   rows: 4
   cols: 1
   dt: d
   data: [ 0., 0., 0., 0. ]
intrinsic-2: !!opencv-matrix
   rows: 3
   cols: 3
   dt: d
   data: [ 4.8277613836033606e+03, 0., 2.0000285051712021e+03, 0.,
       4.5992316916847567e+03, 3.0001375493231926e+03, 0., 0., 1. ]
extrinsic-2: !!opencv-matrix
   rows: 3
   cols: 4
   dt: d
   data: [ 4.1771539133187030e-01, -2.1726639569144887e-01,
       8.8221832056906924e-01, 3.9543914930292892e+00,
       9.1263384474819770e-02, 9.7611059354560081e-01,
       1.9717784820373649e-01, 2.1402347914691049e+01,
       -9.0398276891689888e-01, -1.8499922435751548e-03,
       4.2756488516953189e-01, 1. ]
distCoeff-2: !!opencv-matrix
   rows: 4
   cols: 1
   dt: d
   data: [ 0., 0., 0., 0. ]
intrinsic-3: !!opencv-matrix
   rows: 3
   cols: 3
   dt: d
   data: [ 4.8276636505629667e+03, 0., 1.9999185744677043e+03, 0.,
       4.6057313460499590e+03, 3.0001272502231523e+03, 0., 0., 1. ]
extrinsic-3: !!opencv-matrix
   rows: 3
   cols: 4
   dt: d
   data: [ 8.2041520195924769e-02, -2.5804981462437993e-01,
       9.6264192830785467e-01, 7.1183574341833769e+00,
       7.3380214604077648e-02, 9.6484040588338782e-01,
       2.5238529132942567e-01, 2.0975367050719861e+01,
       -9.9392380647039591e-01, 4.9932798310356144e-02,
       9.8092724420805660e-02, 1. ]
distCoeff-3: !!opencv-matrix
   rows: 4
   cols: 1
   dt: d
   data: [ 0., 0., 0., 0. ]
intrinsic-4: !!opencv-matrix
   rows: 3
   cols: 3
   dt: d
   data: [ 4.8279497071329779e+03, 0., 1.9999323746013331e+03, 0.,
       4.5674744242115567e+03, 2.9999831162905366e+03, 0., 0., 1. ]
extrinsic-4: !!opencv-matrix
   rows: 3
   cols: 4
   dt: d
   data: [ -3.5642163217186823e-01, -2.8378556810886252e-01,
       8.9018502091030038e-01, 4.3372579844236121e+00,
       1.8395321614578297e-02, 9.5044105418800640e-01,
       3.1036013702904497e-01, 2.0192015414247567e+01,
       -9.3414411750149018e-01, 1.2699430635710196e-01,
       -3.3353742502190192e-01, 1. ]
distCoeff-4: !!opencv-matrix
   rows: 4
   cols: 1
   dt: d
   data: [ 0., 0., 0., 0. ]
intrinsic-5: !!opencv-matrix
   rows: 3
   cols: 3
   dt: d
   data: [ 4.8282807694082203e+03, 0., 1.9998398255412574e+03, 0.,
       4.4895791018485415e+03, 2.9997161400638765e+03, 0., 0., 1. ]
extrinsic-5: !!opencv-matrix
   rows: 3
   cols: 4
   dt: d
   data: [ -7.1573533662655808e-01, -2.7310533108724033e-01,
       6.4275687941537918e-01, 1.0731764194012195e+01,
       -5.5131315761209596e-02, 9.3958850055583243e-01,
       3.3783722063396132e-01, 1.9638621861802680e+01,
       -6.9619211854667340e-01, 2.0636600435869007e-01,
       -6.8755334798001211e-01, 1. ]
distCoeff-5: !!opencv-matrix
   rows: 4
   cols: 1
   dt: d
   data: [ 0., 0., 0., 0. ]
