%YAML:1.0
---
pntpairsW_normed:
   - [ 7.1558259110546096e-01, 6.7269780508319221e-01,
       -6.5036474612019657e-01, -6.9511547904800866e-02,
       5.7626956110927385e-02, -4.2937883341808775e-01,
       -6.9506093259128976e-01, -7.3766984279259040e-01,
       -6.2662549773890808e-01, 4.4564519080948956e-01,
       5.1156474797740492e-01, 7.5599459720791873e-01,
       6.6171309961976488e-01, 5.4440481462963020e-01,
       8.2536572185967369e-02, -6.0293958047218699e-01,
       -6.6477432744871556e-01, 6.4935343476740537e-01,
       5.7873969718242824e-01, 5.4870182982640336e-01,
       7.9427809392423787e-01, -1.5151467049102807e-01,
       -2.8181305256883810e-01, -1.1803896304266476e-01,
       -8.0131371355492642e-01, -7.8708811790484434e-01,
       5.9597744312674472e-01, 5.8352185932204670e-01,
       5.9061518776067079e-01, -8.0693899563176319e-01,
       2.0215432260076058e-01, 3.3872442192293628e-01,
       2.5332315031319724e-01, -7.8653408670391989e-01,
       -7.3242027960686629e-01, -5.3355115860074631e-01,
       -3.5163864167446818e-01, -4.2038462617278982e-01,
       -8.1966671157650828e-01, 5.4042272341938957e-01,
       6.3339721523205195e-01, -5.7218194798400746e-01,
       -7.6439096390087258e-01, -6.4968048594200911e-01,
       -2.7464528661160222e-02, 5.8751832542271176e-01,
       4.7882094536806019e-01, -5.0287232190300368e-01,
       -4.7084793566458255e-01, -4.2690322529339880e-01,
       -8.4962344271151613e-01, -6.5812190266917414e-01,
       -7.6712719839080834e-01, 1.5893216621852552e-01,
       4.3739390626382479e-01, 3.0679791697693576e-01,
       3.0391188876332431e-01, 2.8407256465775249e-01,
       2.5260156847164250e-01, -9.3966532389131707e-01,
       -8.5322291856937327e-01, -9.1764235176035736e-01,
       -1.5705617767071403e-01, 7.7636042658939086e-02,
       1.6120807295506195e-01, -7.9871404689690184e-01,
       -7.2345910766213772e-01, -6.3350053928216432e-01,
       3.6666523818451158e-01, -6.8598802061039132e-01,
       -7.5676219774994202e-01, -4.7708749134374623e-01,
       -5.3158605537140835e-01, -5.2664807223114196e-01,
       8.4696443725465720e-01, 4.8369298100901975e-01,
       3.5273000388949166e-01, 2.9559180481133235e-01,
       -6.9531098499683897e-01, -7.7344899791217070e-01,
       -4.4190126380706457e-01, -5.9182183688143764e-01,
       -6.8502831668500586e-01, -4.2505043776670887e-01,
       -1.2558771174460928e-01, -3.7217180448238261e-02,
       -7.9067300970713439e-01, -7.9622524454392551e-01,
       -7.2756517702484269e-01, 4.4064534160137336e-01,
       -6.4430840394537969e-01, -6.2619075335562757e-01,
       7.6077643577156906e-01, 2.8427992224370308e-01,
       1.5092880883471918e-01, 3.3295242347702325e-01,
       -7.0996591919223240e-01, -7.6492197973103404e-01,
       -5.5710133591249300e-01, -8.0399985819320563e-02,
       -1.5376099256111911e-01, 8.6519889444165932e-01,
       5.9746902377114863e-01, 4.8285164579028444e-01,
       -3.5562709291217959e-01, -7.9785124422676923e-01,
       -8.6209735257929732e-01, -3.5349716242674739e-01,
       -5.2860545993927643e-01, -5.9456670052893945e-01,
       -6.5975995796159304e-01, -4.3010159705659995e-01,
       -3.1548506186119363e-01, -3.3431165252936018e-01,
       -7.3183938397147508e-01, -7.3956718042688274e-01,
       6.7301747143265556e-01, 4.5231568550038026e-01,
       4.4978459876639509e-01, 8.9179220206177134e-01,
       9.0680450832248904e-02, -4.1536730761367650e-02,
       -3.3911101546368436e-02, -8.8723591929496470e-01,
       -8.9217067577353748e-01, 4.5117258951949724e-01,
       3.0188581062168468e-01, 3.3791723144159197e-01,
       9.1711373875297664e-01, 5.8933751187551042e-01,
       4.5993154572591116e-01, 3.5109184267873531e-02,
       -7.4936389987887131e-01, -8.2114244680263815e-01,
       3.9707648554224589e-01, -3.3509186337229824e-01,
       -2.9672225743963482e-01, -9.1607235840144696e-01,
       -7.4243853591731346e-01, -6.4982808789233049e-01,
       4.0067926106063156e-01, -5.8008487610576187e-01,
       -6.9977093261018253e-01, 1.6357381474948845e-02,
       -2.2080004401662329e-01, -3.4248080007854331e-01,
       -4.4699696670344513e-01, 3.1372861987365391e-01,
       3.6352814544572576e-01, -8.7410720371355466e-01,
       -9.2348345606969584e-01, -8.6634530589502945e-01,
       -1.9007974161911437e-01, 2.2468852135241135e-01,
       1.1508004234830067e-01, -4.8391283499055943e-01,
       1.0874531792270931e-01, 1.7351945993424442e-01,
       -8.5009886462932616e-01, -9.6834370148328830e-01,
       -9.7808362672996485e-01, -2.0775054389177994e-01,
       -5.8227571175301286e-02, -1.5765904892934238e-01,
       -6.8324885860465090e-01, -6.7661870466433549e-01,
       -5.9712523812698737e-01, -5.0907704888958172e-01,
       -7.3402770959506858e-01, -7.8650179547314680e-01,
       5.2346113084862000e-01, -5.0144653560399577e-01,
       -4.4269055160762638e-01, -7.5578178500335880e-01,
       5.6616747034359025e-02, 1.7108640844295783e-01,
       4.5703440837546755e-01, -8.6333418551914076e-01,
       -8.8020140670384350e-01, 4.6894929685204034e-01,
       -4.1205715859071967e-01, -4.4288373691936817e-01,
       -8.7084014869211090e-01, -2.8074053398697096e-01,
       -1.5769245372896254e-01, -1.5852236242247220e-01,
       -8.6682965490969044e-01, -8.8260245048904928e-01,
       4.6530430477043788e-01, 2.2935414030038537e-01,
       3.5622772404104652e-01, -1.2814570456002630e-01,
       -3.7223437269469117e-01, -3.4102268680757630e-01,
       9.0439452052229752e-01, -8.9935435180559431e-01,
       -8.6994559353276668e-01, -4.0700028212773776e-01,
       1.5565340166932329e-01, 2.4428346915495301e-02,
       -8.8175841059464785e-02, 3.7472949249326259e-01,
       3.9011506203412377e-01, -9.1628755504596793e-01,
       -9.1397474035364346e-01, -9.2044201025436023e-01,
       -3.9069442985706659e-01, -1.2490056617035064e-01,
       -5.0363252278506708e-02, -7.9972748551226092e-01,
       8.3368221327326103e-02, 1.8409380337991837e-01,
       5.8130951296424294e-01, -9.8866050201423727e-01,
       -9.8161754995367090e-01, 1.5005065495862110e-01,
       -3.1667273120730816e-01, -2.7707846545354731e-01,
       -9.0066093244627210e-01, -3.0856924062708693e-02,
       8.7379714322857849e-02, 3.2329637521715415e-01,
       -9.4803282197774774e-01, -9.5686587853615268e-01,
       2.9032626222314228e-01, 1.1413656884704330e-01,
       6.3174605714226784e-02, 9.0980856169664115e-01,
       -1.9760162882259946e-01, -3.0978065380584047e-01,
       -3.7283465800141846e-01, -9.7361513953845225e-01,
       -9.4870697041841012e-01, 1.8232580414317229e-01,
       3.2493487381863123e-01, 2.3617230126861249e-01,
       -6.8819395531955196e-01, -1.7851508433794280e-01,
       -8.7885877888976796e-02, -7.1821750810051743e-01,
       -9.2873553417551924e-01, -9.6772863788418062e-01,
       -1.0272629127693306e-01, 1.9057709617184004e-01,
       6.5862380419573013e-02, -3.4469827968581968e-01,
       -5.0756325032634098e-01, -4.7512454771570350e-01,
       -8.3605775885826072e-01, -8.4027371572176968e-01,
       -8.7745017579542106e-01, 4.2683781443838692e-01,
       -1.4994537861837097e-03, 3.9713440751897987e-04,
       -9.9987926404720140e-01, -1.0376971891061257e-01,
       1.8234732297593422e-02, 1.5538480809690849e-02,
       -9.9460021972426471e-01, -9.9983365457574869e-01,
       -1.1376534558657033e-04, -3.4239120841360443e-01,
       -2.8075302880322089e-01, -8.4858144126822532e-01,
       -4.9025728842917299e-01, -3.8526162791454938e-01,
       5.2756524995073983e-01, -8.0150860977480853e-01,
       -8.7906269109458235e-01, 3.9805082333227743e-02,
       -1.0421231798030206e-01, -1.1454119578204118e-01,
       -9.9084898367728125e-01, -4.0916768993949099e-01,
       -2.8633805663078321e-01, -3.5897682172430515e-02,
       -9.0648860681795285e-01, -9.5125750025622757e-01,
       1.3011398064906768e-01, -2.5754057356668369e-01,
       -1.6079604529550204e-01, -6.1703697833423021e-01,
