%YAML:1.0
---
circles: [ 2.0732473740716869e+03, 3.1843076858374711e+03,
    1.0471004722095997e+03, 2.0335110956124779e+03,
    3.1742662312959674e+03, 1.0406033085999045e+03,
    2.0302237329012635e+03, 3.1710603164276331e+03,
    1.0387713384867225e+03, 2.0660119450630518e+03,
    3.1690072670109421e+03, 1.0317216865209446e+03,
    2.0399605340576616e+03, 3.1692678469238890e+03,
    1.0347363350291728e+03, 2.0990548219305988e+03,
    3.1801193643321812e+03, 1.0430698315613122e+03 ]
pntpairsW_size: 6
pntpairsW_0:
   - [ 8.1739303575938834e+01, -7.9946289667926340e+00,
       -7.9572984063078522e+01, 7.6832708741861140e+01,
       6.5468801271937949e+00, -8.4382957038413139e+01 ]
   - [ 6.7110604634053118e+01, -1.7628375738859177e+01,
       -9.3087831260071397e+01, 6.3790193789772573e+01,
       -3.2850207581111050e+01, -9.1653076567565464e+01 ]
   - [ 5.0503201731524584e+01, 3.2755415590714513e+01,
       -9.8720684249705158e+01, 3.6119266864315875e+01,
       2.9716518621317540e+01, -1.0828687277017637e+02 ]
   - [ 5.3057291540802296e+01, 1.0584299096764397e+01,
       -1.0421507723818142e+02, 5.3103496357357912e+01,
       -4.9814961812120586e+00, -1.0554327651438733e+02 ]
   - [ 2.7228928689767063e+01, 1.3139306934146283e+01,
       -1.1750411003347854e+02, 1.3968218606395453e+01,
       2.1034605783342293e+01, -1.1912161785498054e+02 ]
   - [ -6.9682512918608666e+01, -1.4834568654007956e+01,
       -9.3797937410174754e+01, -7.9734319646018591e+01,
       -4.3947645793491716e+00, -8.4660983468188391e+01 ]
   - [ -9.2135797529507144e+00, 6.8093929057541771e+01,
       -9.1161728529422021e+01, -1.7823251071768709e+01,
       5.5922880071646688e+01, -1.0005117602005954e+02 ]
   - [ -6.0714908668429459e+01, 5.5139241650018448e+01,
       -7.9431627859073956e+01, -6.0797499814290433e+01,
       4.0609562292834653e+01, -8.9252558631652832e+01 ]
   - [ -4.9551096504926520e+01, -3.3834521505158939e+01,
       -1.0424696128975069e+02, -5.3273598095582344e+01,
       -1.8981242957584115e+01, -1.0620473780942332e+02 ]
   - [ 5.0124162929095135e+01, 7.4455900380746172e+01,
       -6.8033712249017000e+01, 5.7580754042760987e+01,
       6.1249568775635964e+01, -7.5060029989634458e+01 ]
   - [ -1.5473831574048202e+01, 1.0215748330767369e+01,
       -1.2234832311962717e+02, -6.1254906847875219e+00,
       2.2483090450726998e+01, -1.2010999972776305e+02 ]
   - [ -7.4126485201125192e+01, 3.2619619469450974e+01,
       -8.1721997980364975e+01, -7.2748610200062444e+01,
       1.7482443904701526e+01, -8.8833337299941292e+01 ]
   - [ -2.6297362497607434e+01, 3.7245756087723777e+01,
       -1.0989705052983182e+02, -4.0068236322414656e+01,
       4.2425534632699595e+01, -1.0140539684261584e+02 ]
   - [ -5.9505500155139330e+01, 6.5967584669962207e+00,
       -1.0244461199840812e+02, -5.2431005924831965e+01,
       2.0239473322144796e+01, -1.0437867756691620e+02 ]
   - [ 1.8229733899197551e+01, 4.3953982233136045e+01,
       -1.0742955594729233e+02, 2.8605847627352983e+00,
       4.5886442704732758e+01, -1.0860068459463862e+02 ]
   - [ -6.2161721734911794e+01, -5.0644788721746693e+01,
       -8.6070316163235702e+01, -6.9841327350661942e+01,
       -3.7074756636310894e+01, -8.6815390697951599e+01 ]
   - [ 9.0584891562650256e+00, -8.4802447115966544e+01,
       -8.0383430750756631e+01, 1.8997153031956049e+01,
       -7.4657055710361760e+01, -8.9115854155583108e+01 ]
   - [ 3.9191302526007703e+01, -2.1606787673384776e+01,
       -1.1217998220087428e+02, 2.8894871592622703e+01,
       -1.0785727259085155e+01, -1.1861454938249111e+02 ]
   - [ 1.4117522018959871e+01, -2.4554900877997802e+01,
       -1.2075322580891040e+02, 7.7693593551649975e+00,
       -3.8239651038251715e+01, -1.1698755880923130e+02 ]
   - [ -3.1761743123123203e+01, -2.4253559152452723e+01,
       -1.1659828692156542e+02, -2.0020039184911795e+01,
       -1.5143420436568904e+01, -1.2213418882929876e+02 ]
   - [ -3.8761804499843485e+01, -3.8820847303172954e+00,
       -1.1609447045501855e+02, -3.3820935615076934e+01,
       1.0630228902989842e+01, -1.1683818124028153e+02 ]
   - [ -6.8335161205633437e+00, -7.9785925979907887e+01,
       -8.6514507804793269e+01, -1.8773263023356165e+01,
       -7.0939822413557096e+01, -9.3438608680646965e+01 ]
   - [ 3.4084785423639531e+01, 6.6609574557920880e+01,
       -8.4836016736869865e+01, 3.8593438110759834e+01,
       5.2530524095981406e+01, -9.4029832265510933e+01 ]
   - [ 2.7643155840300228e+01, -4.4972496858000881e+01,
       -1.0859172893877584e+02, 4.2396280777528759e+01,
       -4.0678697111820725e+01, -1.0366485197926013e+02 ]
   - [ -2.1883611656115320e-01, -1.3062640406304599e+01,
       -1.2453158299783207e+02, 2.2230540304189361e-02,
       2.2378690190877393e+00, -1.2465702228331233e+02 ]
   - [ -1.2753409768768101e+01, -4.9991883134100796e+01,
       -1.1058731854929769e+02, -1.4167787598111978e+01,
       -3.5436574983391949e+01, -1.1777417848469103e+02 ]
   - [ 2.2709210238330936e+01, -6.0579627547242112e+01,
       -1.0022662440849628e+02, 7.8965426523831681e+00,
       -5.7376000932681023e+01, -1.0592571384982760e+02 ]
   - [ -4.0800370425474597e+01, -5.8348153913208904e+01,
       -9.5411700920414674e+01, -3.3945035760354244e+01,
       -4.6647153236578298e+01, -1.0641991837951753e+02 ]
