%YAML:1.0
---
circles: [ 1.6843191423774365e+03, 2.0279551795243212e+03,
    1.0006708764837690e+03, 1.4597777256845316e+03,
    1.8136576347454386e+03, 1.0406699072649433e+03,
    1.8154069719250310e+03, 2.2102920779160972e+03,
    1.0400772791477129e+03, 1.4655377531415916e+03,
    1.6488649970332169e+03, 1.0740427159340418e+03,
    1.8018164423183891e+03, 1.6661204527756147e+03,
    1.0825059665030890e+03, 1.7213748529178592e+03,
    1.8823151605177291e+03, 1.0721451552180026e+03,
    1.4668739976380762e+03, 1.7413980147597840e+03,
    1.0370911813655255e+03, 1.1774637606897452e+03,
    2.0894438754563134e+03, 1.0434585622692405e+03,
    1.1772984732011068e+03, 2.1124595329349199e+03,
    1.0477894029334414e+03, 1.1205165400395852e+03,
    1.8857863702197608e+03, 1.0317045580213144e+03 ]
points3D_size: 10
points3D_0:
   - [ 2.0269430597509754e+01, -9.2759560023050000e+01,
       -1.6871696119528977e+02, 1.7915672430378621e+01,
       -7.1939762609130497e+01, -1.8106056698766977e+02 ]
   - [ -2.0803615180458245e+01, -1.1106297598700775e+02,
       -1.5629598326985626e+02, -3.8755934363706352e+01,
       -9.7454357227511835e+01, -1.6330071508001657e+02 ]
   - [ -1.1536376283612577e+02, -5.6986158018312146e+01,
       -1.4419497140406753e+02, -1.3107489047127044e+02,
       -4.2555173629488216e+01, -1.3475019247279687e+02 ]
   - [ -1.4133615038640286e+01, 1.4255405475158381e+02,
       -1.2459277514439567e+02, 8.8510672114067148e+00,
       1.4275633610835004e+02, -1.2427215775085801e+02 ]
   - [ -2.8830681369653490e+00, -1.4077138935567737e+02,
       -1.2829936956935745e+02, 1.7229160343111154e+01,
       -1.3212078940029130e+02, -1.3613385055491918e+02 ]
   - [ -1.4704071161898966e+02, 3.3350784760026848e+01,
       -1.1894604165026863e+02, -1.5398864549524490e+02,
       1.1754712097968167e+01, -1.1421282446214788e+02 ]
points3D_1:
   - [ 6.0816204449521443e+01, 1.0112341944533671e+02,
       -1.5371059390378178e+02, 3.8788308617724788e+01,
       1.0111133741463487e+02, -1.6190252762662769e+02 ]
   - [ 2.4865907600048107e+01, -5.7703892087102560e-01,
       -1.9798473324637567e+02, 2.2755511076412972e+01,
       2.2044962642616326e+01, -1.9741720546164294e+02 ]
   - [ -1.4737028058784524e+01, 8.7398903871528148e+01,
       -1.7533681238942108e+02, -1.3297461368190422e+01,
       6.6367177609154155e+01, -1.8628818593345682e+02 ]
   - [ 9.2417199511355577e+01, 1.1362516083254269e+02,
       -1.2370224784310604e+02, 8.1318187297024309e+01,
       1.3158860132254654e+02, -1.1313520220071310e+02 ]
   - [ -3.8735137194235840e+01, -8.2734477441045215e+01,
       -1.6823714201804626e+02, -4.4483599166821890e+01,
       -6.1700942806919066e+01, -1.7783276060667015e+02 ]
   - [ -1.0669028428370926e+02, -5.0527005931322229e+01,
       -1.4830097738369298e+02, -1.2410479751719012e+02,
       -5.5379267995881058e+01, -1.3044401368917073e+02 ]
   - [ 7.6668633399678008e+00, -9.9608584324948907e+01,
       -1.6218566844539455e+02, 3.0397403291559765e+01,
       -9.7985987660183383e+01, -1.6040578700065976e+02 ]
   - [ -7.3169916901519201e+01, -1.0361325108651604e+02,
       -1.3883066336820869e+02, -9.2014656824061348e+01,
       -9.0727522620748715e+01, -1.3670269480633615e+02 ]
points3D_2:
   - [ -5.2655111538037602e+01, -8.7252343030033671e+01,
       -1.6911913667049240e+02, -5.5079819693162101e+01,
       -6.5863528659523780e+01, -1.7951490469158830e+02 ]
   - [ -6.3939489694525449e+01, 1.1065059817903470e+02,
       -1.4052396993162156e+02, -4.2081557756748325e+01,
       1.1155338214006427e+02, -1.4761971921465263e+02 ]
points3D_3:
   - [ 5.8105053584582734e+01, 1.3737466956318237e+01,
       -1.8864887572743248e+02, 3.5825738012078283e+01,
       1.3976274128714316e+01, -1.9575169960621119e+02 ]
   - [ 2.8518361957318761e+00, -1.2360506971183371e+02,
       -1.3836860337743161e+02, 2.4832638943476535e+01,
       -1.1722148655571563e+02, -1.4229677915891966e+02 ]
   - [ -9.5608878832438592e+01, -1.1580914792803507e+02,
       -1.0918831053387743e+02, -8.4202352110381653e+01,
       -1.0293393973542537e+02, -1.2969875522172745e+02 ]
points3D_4:
   - [ 3.2515588097571253e+01, 8.4645254107171951e+01,
       -1.7385466498545355e+02, 9.7478445173613295e+00,
       8.7062418912796687e+01, -1.7715563936018148e+02 ]
   - [ 5.3104287398481915e+01, -1.2266901074246086e+01,
       -1.8585406920022021e+02, 3.0819530256947260e+01,
       -1.4924518239768538e+01, -1.9298681844939600e+02 ]
   - [ 1.0032143868097380e+02, 1.1085261811248115e+02,
       -1.1640559235979494e+02, 1.1899718209519695e+02,
       9.7892870358951399e+01, -1.0895159026804470e+02 ]
   - [ 9.9012521651681922e+01, -8.2177032503259284e+01,
       -1.3139846962629068e+02, 8.1077178764860847e+01,
       -7.4066154068076571e+01, -1.4930177078327625e+02 ]
   - [ 9.5974991763999853e+01, -1.1680820804746031e+02,
       -1.0479754477147139e+02, 7.4842336268901491e+01,
       -1.2494621496687336e+02, -1.1207506647396107e+02 ]
   - [ -6.9379925399230217e+01, -1.2622665309432998e+02,
       -1.1950427459851480e+02, -4.7430399273537432e+01,
       -1.2752349928244942e+02, -1.2767593010769114e+02 ]
points3D_5:
   - [ 1.1506934844078576e+02, -7.6141844723464942e+00,
       -1.4839576954497898e+02, 1.3387014774114135e+02,
       -1.2175847520996140e+01, -1.2937017450665817e+02 ]
   - [ 9.9130757959017259e+00, -1.5855625649481272e+01,
       -1.9792785855585021e+02, -1.2399305941907549e+01,
       -2.0431964432307868e+01, -1.9796450022372608e+02 ]
   - [ -9.3407676342388044e+01, -1.0715877009680032e+02,
       -1.2608295894167327e+02, -1.0190758786603234e+02,
       -8.6599956467482727e+01, -1.3628252479118038e+02 ]
   - [ 1.7639604321340705e+01, -1.1000525665147650e+02,
       -1.5312906710494531e+02, 8.4605577687230848e+00,
       -1.2777856860234068e+02, -1.3793464095170447e+02 ]
points3D_6:
   - [ 9.2379076017382744e+01, 7.4492846985234564e+01,
       -1.5325417014112725e+02, 9.6644868561811180e+01,
       5.2997532034119303e+01, -1.5974390886556262e+02 ]
   - [ -5.9643438796293630e+01, 7.2926166343179958e+01,
       -1.7181502014611999e+02, -5.8897608685165316e+01,
       9.3448739206451364e+01, -1.6039776474489045e+02 ]
   - [ -9.0350768465737374e+01, -1.1235165405311579e+02,
       -1.1875954221529008e+02, -7.0972694978614456e+01,
       -1.0994554561347215e+02, -1.3361726220689988e+02 ]
   - [ -1.0809910096547000e+01, 1.1486286825944174e+02,
       -1.5733582503073538e+02, 1.1924384146800849e+01,
       1.1782873528790705e+02, -1.5482797485509823e+02 ]
points3D_7:
   - [ 4.1304735678606491e+01, 5.9690354983011069e+01,
       -1.8304437637608567e+02, 4.0836969126539145e+01,
       3.7744981543206819e+01, -1.9093064980478053e+02 ]
   - [ 3.1150719615649482e+01, -1.2954465748851223e+02,
       -1.3853322247637539e+02, 2.1838298525469810e+01,
       -1.4536180512106694e+02, -1.2221309116580159e+02 ]
points3D_8:
   - [ -1.2590739454907151e+02, -4.8410927756770697e+01,
       -1.2859555458563602e+02, -1.3370478916826690e+02,
       -6.5195163069610572e+01, -1.1244468172926581e+02 ]
   - [ 5.8247162045786155e+01, -1.0796366918720565e+02,
       -1.5065415651356838e+02, 7.4063603902050858e+01,
       -1.1700368153344749e+02, -1.3492832458295746e+02 ]
   - [ -6.9958602159791283e+00, -1.1229899064379649e+02,
       -1.5659214689078448e+02, 1.5794229472535569e+01,
       -1.0978660041182722e+02, -1.5905863264453012e+02 ]
   - [ 3.9838742426917690e+01, -1.3437754117309518e+02,
       -1.3161742973897884e+02, 4.4224784740974513e+01,
       -1.4966635260326376e+02, -1.1142564346502647e+02 ]
