%YAML:1.0
---
circles: [ 2.0732473740716869e+03, 3.1843076858374711e+03,
    1.0471004722095997e+03, 2.0335110956124779e+03,
    3.1742662312959674e+03, 1.0406033085999045e+03,
    2.0302237329012635e+03, 3.1710603164276331e+03,
    1.0387713384867225e+03, 2.0660119450630518e+03,
    3.1690072670109421e+03, 1.0317216865209446e+03,
    2.0399605340576616e+03, 3.1692678469238890e+03,
    1.0347363350291728e+03, 2.0990548219305988e+03,
    3.1801193643321812e+03, 1.0430698315613122e+03 ]
pntpairsW_size: 6
pntpairsW_0:
   - [ 8.1825787041042005e+01, -7.9485403731868658e+00,
       -7.9479166427039274e+01, 7.6891042732826790e+01,
       6.5869053108328082e+00, -8.4317509253457629e+01 ]
   - [ 5.0193067542444879e+01, 7.4528820209200759e+01,
       -6.7909152192761496e+01, 5.7651254786048526e+01,
       6.1352195981163632e+01, -7.4917347761935147e+01 ]
   - [ 6.7187041770670447e+01, -1.7589639253554132e+01,
       -9.3026101727829655e+01, 6.3863370623890816e+01,
       -3.2800203032943664e+01, -9.1609135335526005e+01 ]
   - [ 6.6799270196454273e+01, 2.3141825796343717e+01,
       -9.0039305532613611e+01, 6.6997323567986271e+01,
       3.8423715079176020e+01, -8.3083197786746439e+01 ]
   - [ -4.0197852171673290e+01, 6.1778855255437733e+01,
       -8.7381963546246823e+01, -4.7706476302316133e+01,
       7.1879767615480844e+01, -7.3727640777068530e+01 ]
   - [ 6.7880595963670785e+01, -5.4400751598990801e+01,
       -7.6037980496670173e+01, 5.5880868233127657e+01,
       -4.9821803143093931e+01, -8.9527691522294532e+01 ]
   - [ 5.0566080757374706e+01, 3.2840961064451136e+01,
       -9.8639094844632865e+01, 3.6182912619514099e+01,
       2.9791142552798881e+01, -1.0822424531717580e+02 ]
   - [ 9.0986856652260926e+00, -8.4786998239725904e+01,
       -8.0395511619060187e+01, 1.8990460734439051e+01,
       -7.4626951963115971e+01, -8.9147289823904657e+01 ]
   - [ -6.0691595107931363e+01, 5.5223605403714458e+01,
       -7.9384198191657106e+01, -6.0759490283008489e+01,
       4.0694528991730365e+01, -8.9232960967569454e+01 ]
   - [ -6.9706748624266282e+01, -1.4792139301598775e+01,
       -9.3782063301657772e+01, -7.9723348478687086e+01,
       -4.3313220402732924e+00, -8.4673772946499867e+01 ]
   - [ -7.4126441387317968e+01, 3.2705857730167942e+01,
       -8.1680212106092185e+01, -7.2727630823172362e+01,
       1.7529314559007396e+01, -8.8840282377684233e+01 ]
   - [ -9.1771888392800474e+00, 6.8197599799209343e+01,
       -9.1070060016902147e+01, -1.7833614048223136e+01,
       5.6002434363516869e+01, -9.9988372875408771e+01 ]
   - [ -6.2180922514322504e+01, -5.0593715174517925e+01,
       -8.6087737407947614e+01, -6.9820399675130915e+01,
       -3.7047640056340157e+01, -8.6847911391736744e+01 ]
   - [ 5.3105891572661093e+01, 1.0646692882936485e+01,
       -1.0416940212304239e+02, 5.3181817712024099e+01,
       -4.9112371783360409e+00, -1.0548884594344311e+02 ]
   - [ 3.4146688425765987e+01, 6.6660716362214146e+01,
       -8.4761504868300321e+01, 3.8656965385272287e+01,
       5.2615126393145985e+01, -9.3936834789421027e+01 ]
   - [ -3.9231092663737179e+01, -8.6921462988018845e+01,
       -6.7913805182590949e+01, -3.4899882004426537e+01,
       -7.6431487770068102e+01, -8.2305665874058263e+01 ]
   - [ -2.6268127560348123e+01, 3.7323649290362766e+01,
       -1.0986492929359922e+02, -4.0064243000418379e+01,
       4.2526413023120796e+01, -1.0134719625068065e+02 ]
   - [ 2.7259476391208867e+01, 1.3193110216427989e+01,
       -1.1748059985564642e+02, 1.4011140136132060e+01,
       2.1126212850412209e+01, -1.1908291376443154e+02 ]
   - [ -6.8643798556481777e+00, -7.9765782987402716e+01,
       -8.6533663031598849e+01, -1.8731471613344269e+01,
       -7.0944449579927806e+01, -9.3444278370295763e+01 ]
   - [ -5.9496627074189021e+01, 6.7175765416338322e+00,
       -1.0243459357907614e+02, -5.2475278376538526e+01,
       2.0280096055548434e+01, -1.0433657026668125e+02 ]
   - [ -4.9563649509035173e+01, -3.3768435129482512e+01,
       -1.0426524646949653e+02, -5.3288436387766552e+01,
       -1.8973792869022265e+01, -1.0619605241258918e+02 ]
   - [ 2.7692273236945372e+01, -4.4943666346480271e+01,
       -1.0858825750613478e+02, 4.2445978851693894e+01,
       -4.0634236964987934e+01, -1.0365754761120537e+02 ]
   - [ 1.8286091390915164e+01, 4.4023051684796812e+01,
       -1.0737334007386838e+02, 2.8803282298622541e+00,
       4.5998177034181367e+01, -1.0852863336426225e+02 ]
   - [ -1.5454632055389588e+01, 1.0315607248479864e+01,
       -1.2233238611174423e+02, -6.1616021682654765e+00,
       2.2522627645197346e+01, -1.2009424631187299e+02 ]
   - [ -3.8776544166117858e+01, -3.7784272557553109e+00,
       -1.1608652393970671e+02, -3.3829486244546558e+01,
       1.0668497239216549e+01, -1.1682712701193904e+02 ]
   - [ 1.4156327742281096e+01, -2.4508476540678494e+01,
       -1.2075722224157357e+02, 7.7910973051725705e+00,
       -3.8204135819683614e+01, -1.1700062449239418e+02 ]
   - [ 3.9242418641349317e+01, -2.1559285376353643e+01,
       -1.1216348744258170e+02, 2.8943252896084683e+01,
       -1.0770539881567107e+01, -1.1859652698734085e+02 ]
   - [ 2.2734974920088586e+01, -6.0549971629975396e+01,
       -1.0024080666922690e+02, 7.9512569539706242e+00,
       -5.7359563076222130e+01, -1.0593045328168417e+02 ]
   - [ -1.8775338413194120e-01, -1.2993475407784777e+01,
       -1.2453838779978517e+02, 4.9512272469456775e-02,
       2.2733941376834750e+00, -1.2465310331268965e+02 ]
   - [ -4.0761725416231869e+01, -5.8365204722535488e+01,
       -9.5419721849050703e+01, -3.3984788612315100e+01,
       -4.6635418470549183e+01, -1.0640939426787583e+02 ]
   - [ -1.2718019540725583e+01, -4.9934621712066729e+01,
       -1.1062741946815699e+02, -1.4180360619547733e+01,
       -3.5449052844283386e+01, -1.1776701215300027e+02 ]
   - [ -3.1743722098932590e+01, -2.4285091641226412e+01,
       -1.1659717078655353e+02, -2.0048981407578879e+01,
       -1.5086330913996747e+01, -1.2213511522754149e+02 ]
   - [ 4.3068381283835564e+01, -6.5337832481160234e+01,
       -8.6941376066418130e+01, 4.9172260727103279e+01,
       -7.5781097142579114e+01, -7.2979813537675597e+01 ]
