%YAML:1.0
---
pntpairsW_normed:
   - [ 7.1478497696886634e-01, 6.7214763766843066e-01,
       -6.5179909809875936e-01, -6.9910562384405170e-02,
       5.7273394152693391e-02, -4.2720155254495579e-01,
       -6.9584118156854835e-01, -7.3819869378032521e-01,
       -6.2662330727545013e-01, 5.7802579131524634e-01,
       5.4803276990766114e-01, 7.9490552042467533e-01,
       -1.5183376593937215e-01, -2.8222190877878067e-01,
       -1.1728674946501297e-01, -8.0176847786318661e-01,
       -7.8740769447129355e-01, 5.9528903231817343e-01,
       4.3678242982840043e-01, 3.0620854162092614e-01,
       3.0294865918976438e-01, 2.8328877222096582e-01,
       2.5192792155132493e-01, -9.4000076510632036e-01,
       -8.5379656858454056e-01, -9.1802431960227249e-01,
       -1.5690975589381453e-01, 4.5185202826694643e-01,
       4.4906025208803169e-01, 8.9204908901913804e-01,
       9.0139109550647134e-02, -4.2125134583548024e-02,
       -3.5793983253830777e-02, -8.8752728717513985e-01,
       -8.9250790642489619e-01, 4.5051882706824820e-01,
       2.2441810388197592e-01, 1.1471142684774439e-01,
       -4.8176438531867943e-01, 1.0829285213826870e-01,
       1.7274283218063627e-01, -8.5153588189429985e-01,
       -9.6845710944046337e-01, -9.7826438271091487e-01,
       -2.0685675934088318e-01, -5.9159780945949092e-01,
       -6.8511911363791167e-01, -4.2316313159666646e-01,
       -1.2594405615420745e-01, -3.7762123344352638e-02,
       -7.9223072084243495e-01, -7.9633543595783673e-01,
       -7.2745159438173501e-01, 4.3966288109275048e-01,
       -8.0708751923007721e-02, -1.5365285773192572e-01,
       8.6583806705541067e-01, 5.9648650960100102e-01,
       4.8210678854312777e-01, -3.5493295077153403e-01,
       -7.9855490808525198e-01, -8.6253338703579718e-01,
       -3.5262875959621004e-01, -5.3176878868836819e-01,
       -5.2695357631455053e-01, 8.4684205434260384e-01,
       4.8293456062912660e-01, 3.5197753440755514e-01,
       2.9451907932460258e-01, -6.9569832939777720e-01,
       -7.7358370179424252e-01, -4.4285104370497613e-01,
       -4.1196118569319584e-01, -4.4275206049427190e-01,
       -8.7122542807948189e-01, -2.8129568424871088e-01,
       -1.5775139526214293e-01, -1.5704319543699699e-01,
       -8.6669528642153437e-01, -8.8265798031906095e-01,
       4.6508460330853862e-01, 4.4504820435520465e-01,
       5.1092522715436528e-01, 7.5702872568294077e-01,
       6.6108764379717255e-01, 5.4347933367734313e-01,
       8.2598127854202480e-02, -6.0406557840925734e-01,
       -6.6602224146261935e-01, 6.4813969000967975e-01,
       -1.2504575578484359e-01, -5.0065476395172427e-02,
       -7.9939162063672109e-01, 8.2554599668190801e-02,
       1.8376105559132758e-01, 5.8186520514986484e-01,
       -9.8871042122242336e-01, -9.8169512707422824e-01,
       1.4968607113456617e-01, -6.4427955924144253e-01,
       -6.2636727755457533e-01, 7.6088490837940637e-01,
       2.8351747688264112e-01, 1.5052426106112848e-01,
       3.3135900015439723e-01, -7.1029690260182987e-01,
       -7.6485716342391064e-01, -5.5790265209724577e-01,
       -2.2102401909761521e-01, -3.4247051262140188e-01,
       -4.4599858832759876e-01, 3.1304305538576938e-01,
       3.6261877056389663e-01, -8.7469435141601171e-01,
       -9.2366250787648585e-01, -8.6673039361704751e-01,
       -1.8972361690288198e-01, -5.0149460504032939e-01,
       -4.4227774975963191e-01, -7.5548705227033242e-01,
       5.5595512571571831e-02, 1.7072853284698811e-01,
       4.5815450808783403e-01, -8.6337263107962148e-01,
       -8.8047837005770391e-01, 4.6833082385283925e-01,
       1.5515153052967109e-01, 2.4256308559080699e-02,
       -8.5600461863070701e-02, 3.7408816025807234e-01,
       3.8909377111422766e-01, -9.1695837128189173e-01,
       -9.1432272799544434e-01, -9.2087874813962101e-01,
       -3.8969206595065503e-01, -5.2844635838093368e-01,
       -5.9476033067007372e-01, -6.5869741235889012e-01,
       -4.3053913926499121e-01, -3.1572416150987981e-01,
       -3.3580364120404876e-01, -7.3169699731165372e-01,
       -7.3930940944918855e-01, 6.7331540417979818e-01,
       7.7293206270552528e-02, 1.6126985479682204e-01,
       -7.9686316514661282e-01, -7.2359230376168204e-01,
       -6.3377562489049433e-01, 3.6861434092033352e-01,
       -6.8588624290131350e-01, -7.5651866548583935e-01,
       -4.7867793316633095e-01, 3.2449224800053311e-01,
       2.3576335692077213e-01, -6.8939584799333209e-01,
       -1.7889773118803887e-01, -8.8004518631708689e-02,
       -7.1706256040152083e-01, -9.2881665723830176e-01,
       -9.6781756764064253e-01, -1.0273582257406677e-01,
       1.1382289771999053e-01, 6.2999751659252631e-02,
       9.1015665910484744e-01, -1.9797454308250964e-01,
       -3.1007556850164236e-01, -3.7210668109885248e-01,
       -9.7357610295543728e-01, -9.4862224995477296e-01,
       1.8207546174237552e-01, -2.5768784744451356e-01,
       -1.6056216921115682e-01, -6.1231425040027343e-01,
       -1.9677281018980677e-01, -1.2145133244317272e-01,
       7.9061101386762600e-01, -9.4597961629700000e-01,
       -9.7952507046322490e-01, 2.3416891245220620e-03,
       -3.1653656538728514e-01, -2.7699738092820736e-01,
       -9.0127823230635018e-01, -3.1701872060213909e-02,
       8.7062806254327177e-02, 3.2171950376184633e-01,
       -9.4805041747825769e-01, -9.5691824035600592e-01,
       2.9016221130597308e-01, -5.7966859598156666e-02,
       -1.5801163121830072e-01, -6.8191728873855162e-01,
       -6.7680232073630764e-01, -5.9708943745991350e-01,
       -5.1005308282898465e-01, -7.3387905123002095e-01,
       -7.8645821762731682e-01, 5.2424675870825543e-01,
       3.0131972298457554e-01, 3.3731452335241030e-01,
       9.1749861798266530e-01, 5.8884861102845742e-01,
       4.5912749846322026e-01, 3.5102725726009323e-02,
       -7.4997582483061087e-01, -8.2183991901734843e-01,
       3.9618693144335809e-01, 2.2894240440851515e-01,
       3.5579919267217092e-01, -1.2732846605871265e-01,
       -3.7246512744086496e-01, -3.4138484145083137e-01,
       9.0450656356412906e-01, -8.9936372191906233e-01,
       -8.6997892188341108e-01, -4.0700778641267460e-01,
       -1.7476829511672818e-03, 1.7830490540916375e-04,
       -9.9987588678963990e-01, -1.0432169193126674e-01,
       1.7949317394293885e-02, 1.5754367439284836e-02,
       -9.9454207060179223e-01, -9.9983888212673522e-01,
       1.0451420520559073e-04, -1.0451019382734957e-01,
       -1.1443796887273949e-01, -9.9110431210130445e-01,
       -4.0966780577644302e-01, -2.8623309298103267e-01,
       -3.2596210926882647e-02, -9.0622839742334516e-01,
       -9.5130151254099937e-01, 1.2903383109638480e-01,
       1.9036394300390030e-01, 6.5409134005532513e-02,
       -3.4505788506349283e-01, -5.0781936688117468e-01,
       -4.7526046510679781e-01, -8.3582150104085284e-01,
       -8.4016728085805070e-01, -8.7741047149844087e-01,
       4.2700992301505691e-01, -3.4272027785578651e-01,
       -2.8041855765991219e-01, -8.4653920267506932e-01,
       -4.9012044040221586e-01, -3.8535023270824459e-01,
       5.3102078892630256e-01, -8.0145166107906363e-01,
       -8.7913061070107001e-01, 3.7259898850441432e-02 ]
   - [ 9.5807779008329319e-01, 9.2305237869206536e-01,
       -2.3128441031615049e-01, -9.2645687559873263e-02,
       -6.6864975624470607e-03, -8.0858905214855348e-01,
       -2.7111570357629999e-01, -3.8461616833054169e-01,
       -5.4100948817023020e-01, 9.2050151443303929e-01,
       9.6594944146444062e-01, 4.2903137667623936e-02,
       -3.2766808188839047e-01, -2.2498856603391457e-01,
       6.2623278931703863e-01, -2.1286284325373533e-01,
       -1.2775688509250177e-01, -7.7845476063961105e-01,
       8.9508764353262760e-01, 9.3722925946359403e-01,
       -2.8791562257240483e-01, 2.5036755777878111e-01,
       2.7077863705055211e-01, 9.5637554445781625e-01,
       -3.6896367898086740e-01, -2.1972766080393480e-01,
       -4.9501638778527313e-02, 7.2888002900134441e-01,
       6.5731637084607852e-01, -4.7227252539081233e-01,
