%YAML:1.0
---
cur_pntsI:
   - [ 2.4212216796875000e+03, 3.8707404785156250e+03,
       2.4743679199218750e+03, 3.7467355957031250e+03,
       2.2426645507812500e+03, 2.9734416503906250e+03,
       2.1737827148437500e+03, 2.8297189941406250e+03,
       1.9286447753906250e+03, 3.3436435546875000e+03,
       2.0273254394531250e+03, 3.4711223144531250e+03,
       2.5111057128906250e+03, 2.5725136718750000e+03,
       2.5554753417968750e+03, 2.4842062988281250e+03,
       2.0914257812500000e+03, 3.0962592773437500e+03,
       2.0939848632812500e+03, 3.2594543457031250e+03,
       1.9588056640625000e+03, 2.7104492187500000e+03,
       1.9427697753906250e+03, 2.8584384765625000e+03,
       2.5993898925781250e+03, 3.5542458496093750e+03,
       2.4633273925781250e+03, 3.5341389160156250e+03,
       2.2782536621093750e+03, 3.6796760253906250e+03,
       2.1199592285156250e+03, 3.7017365722656250e+03,
       2.3787888183593750e+03, 3.3702849121093750e+03,
       2.2402434082031250e+03, 3.4553376464843750e+03,
       2.8800148925781250e+03, 3.1365507812500000e+03,
       2.8402468261718750e+03, 3.2805141601562500e+03,
       2.4990783691406250e+03, 3.0046059570312500e+03,
       2.3974699707031250e+03, 3.1184543457031250e+03,
       2.6323762207031250e+03, 3.3338134765625000e+03,
       2.6349262695312500e+03, 3.1752331542968750e+03,
       2.7499458007812500e+03, 3.4481604003906250e+03,
       2.7413110351562500e+03, 3.5914118652343750e+03,
       2.3191979980468750e+03, 2.6091245117187500e+03,
       2.1713378906250000e+03, 2.6371401367187500e+03,
       2.3760566406250000e+03, 2.7632224121093750e+03,
       2.5228188476562500e+03, 2.8097050781250000e+03,
       2.7584523925781250e+03, 3.0440751953125000e+03,
       2.7231337890625000e+03, 2.8924567871093750e+03,
       2.7393979492187500e+03, 2.6873662109375000e+03,
       2.6408808593750000e+03, 2.7241145019531250e+03,
       2.5596298828125000e+03, 3.9165971679687500e+03,
       2.6392573242187500e+03, 3.8025395507812500e+03, 0., 0., 0., 0.,
       0., 0., 0., 0., 0., 0., 0., 0., 0., 0., 0., 0., 0., 0., 0., 0.,
       0., 0., 0., 0., 0., 0., 0., 0., 0., 0., 0., 0., 0., 0., 0., 0.,
       0., 0., 0., 0., 0., 0., 0., 0., 0., 0., 0., 0., 0., 0., 0., 0.,
       0., 0., 0., 0., 0., 0., 0., 0., 0., 0., 0., 0., 0., 0., 0., 0.,
       0., 0., 0., 0., 0., 0., 0., 0., 0., 0., 0., 0., 0., 0., 0., 0.,
       0., 0., 0., 0., 0., 0., 0., 0., 0., 0., 0., 0., 0., 0., 0., 0.,
       0., 0., 0., 0., 0., 0., 0., 0., 0., 0., 0., 0., 0., 0., 0., 0.,
       0., 0., 0., 0., 0., 0., 0., 0., 0., 0., 0., 0., 0., 0., 0., 0.,
       0., 0., 0., 0., 0., 0., 0., 0., 0., 0., 0., 0., 0., 0., 0., 0.,
       0., 0., 0., 0., 0., 0., 0., 0., 0., 0., 0., 0., 0., 0., 0., 0.,
       0., 0., 0., 0. ]
   - [ 1.6802181396484375e+03, 3.7890083007812500e+03,
       1.6930073242187500e+03, 3.6630488281250000e+03,
       1.4946013183593750e+03, 2.8631484375000000e+03,
       1.4824482421875000e+03, 2.7268022460937500e+03,
       1.2268377685546875e+03, 3.1876228027343750e+03,
       1.2869254150390625e+03, 3.3168015136718750e+03,
       1.9088480224609375e+03, 2.5059738769531250e+03,
       2.0260118408203125e+03, 2.4268681640625000e+03,
       1.3576326904296875e+03, 2.9682299804687500e+03,
       1.3381392822265625e+03, 3.1208039550781250e+03,
       1.3760385742187500e+03, 2.6145417480468750e+03,
       1.3161501464843750e+03, 2.7456882324218750e+03,
       1.7929272460937500e+03, 3.4823439941406250e+03,
       1.6434107666015625e+03, 3.4358977050781250e+03,
       1.4912622070312500e+03, 3.5554257812500000e+03,
       1.3713178710937500e+03, 3.5547905273437500e+03,
       1.5580262451171875e+03, 3.2574245605468750e+03,
       1.4399493408203125e+03, 3.3240971679687500e+03,
       2.1786550292968750e+03, 3.1019289550781250e+03,
       2.1004277343750000e+03, 3.2433769531250000e+03,
       1.7213021240234375e+03, 2.9134291992187500e+03,
       1.6001597900390625e+03, 3.0135090332031250e+03,
       1.8208630371093750e+03, 3.2588115234375000e+03,
       1.8375557861328125e+03, 3.0973327636718750e+03,
       1.9719086914062500e+03, 3.4022873535156250e+03,
       1.9812810058593750e+03, 3.5555395507812500e+03,
       1.6933841552734375e+03, 2.5313417968750000e+03,
       1.5550144042968750e+03, 2.5527746582031250e+03,
       1.6770737304687500e+03, 2.6753554687500000e+03,
       1.8059597167968750e+03, 2.7294836425781250e+03,
       2.0174633789062500e+03, 2.9854038085937500e+03,
       2.0158166503906250e+03, 2.8292539062500000e+03,
       2.1361906738281250e+03, 2.6321684570312500e+03,
       1.9817493896484375e+03, 2.6576052246093750e+03,
       1.8667907714843750e+03, 3.8787282714843750e+03,
       1.9110981445312500e+03, 3.7671623535156250e+03,
       2.2763522949218750e+03, 3.8130598144531250e+03,
       2.1240056152343750e+03, 3.8479731445312500e+03,
       2.2476997070312500e+03, 3.5255146484375000e+03,
       2.1412163085937500e+03, 3.6401906738281250e+03,
       2.8035175781250000e+03, 3.4864370117187500e+03,
       2.7628088378906250e+03, 3.3726547851562500e+03,
       2.3022451171875000e+03, 2.4423666992187500e+03,
       2.2429826660156250e+03, 2.5369621582031250e+03,
       2.4581752929687500e+03, 3.8782941894531250e+03,
       2.4700661621093750e+03, 3.7637414550781250e+03,
       2.5713737792968750e+03, 3.5282802734375000e+03,
       2.6847260742187500e+03, 3.5527954101562500e+03,
       2.4450742187500000e+03, 3.4444672851562500e+03,
       2.3792915039062500e+03, 3.5868535156250000e+03,
       2.3664001464843750e+03, 3.0052602539062500e+03,
       2.2516301269531250e+03, 2.8925168457031250e+03,
       2.4738386230468750e+03, 2.4772336425781250e+03,
       2.5152636718750000e+03, 2.5969934082031250e+03,
       2.7551254882812500e+03, 2.8845437011718750e+03,
       2.8277770996093750e+03, 3.0133090820312500e+03,
       2.6695498046875000e+03, 2.6783298339843750e+03,
       2.7799699707031250e+03, 2.7192600097656250e+03,
       2.7346420898437500e+03, 3.1463027343750000e+03,
       2.6327690429687500e+03, 3.2338293457031250e+03,
       2.3085319824218750e+03, 3.2297331542968750e+03,
       2.4579001464843750e+03, 3.1990754394531250e+03,
       2.3811135253906250e+03, 2.6595002441406250e+03,
       2.4006269531250000e+03, 2.8023146972656250e+03,
       2.6080048828125000e+03, 2.8215068359375000e+03,
       2.5789379882812500e+03, 2.9601384277343750e+03, 0., 0., 0., 0.,
       0., 0., 0., 0., 2.6488461914062500e+03, 3.7373752441406250e+03,
       2.7610793457031250e+03, 3.6519995117187500e+03, 0., 0., 0., 0.,
       0., 0., 0., 0., 0., 0., 0., 0., 0., 0., 0., 0., 0., 0., 0., 0.,
       0., 0., 0., 0., 0., 0., 0., 0., 0., 0., 0., 0., 0., 0., 0., 0.,
       0., 0., 0., 0., 0., 0., 0., 0., 0., 0., 0., 0., 0., 0., 0., 0.,
       0., 0., 0., 0., 0., 0., 0., 0., 0., 0., 0., 0., 0., 0., 0., 0.,
       0., 0., 0., 0., 0., 0., 0., 0., 0., 0., 0., 0., 0., 0., 0., 0.,
       0., 0., 0., 0., 0., 0., 0., 0., 0., 0., 0., 0. ]
   - [ 0., 0., 0., 0., 0., 0., 0., 0., 0., 0., 0., 0.,
       1.5664288330078125e+03, 2.4564909667968750e+03,
       1.6976011962890625e+03, 2.3836423339843750e+03, 0., 0., 0., 0.,
       0., 0., 0., 0., 1.3202036132812500e+03, 3.3741333007812500e+03,
       1.2183906250000000e+03, 3.3216923828125000e+03, 0., 0., 0., 0.,
       0., 0., 0., 0., 1.6494283447265625e+03, 3.0259084472656250e+03,
       1.5673221435546875e+03, 3.1594533691406250e+03,
       1.3128192138671875e+03, 2.8310551757812500e+03,
       1.2178586425781250e+03, 2.9226958007812500e+03,
       1.3419434814453125e+03, 3.1593691406250000e+03,
       1.3673347167968750e+03, 3.0061108398437500e+03,
       1.4548597412109375e+03, 3.3071364746093750e+03,
       1.4678168945312500e+03, 3.4597702636718750e+03, 0., 0., 0., 0.,
       0., 0., 0., 0., 1.5238802490234375e+03, 2.9059504394531250e+03,
       1.5522775878906250e+03, 2.7572333984375000e+03,
       1.7114355468750000e+03, 2.5743593750000000e+03,
       1.5693165283203125e+03, 2.5965195312500000e+03,
