%YAML:1.0
---
R:
   - !!opencv-matrix
      rows: 3
      cols: 3
      dt: d
      data: [ 1., 0., 0., 0., 1., 0., 0., 0., 1. ]
   - !!opencv-matrix
      rows: 3
      cols: 3
      dt: d
      data: [ 7.8946866618663947e-01, -1.1510072240153693e-01,
          6.0290218842871468e-01, 6.9826518596637271e-02,
          9.9272503009076485e-01, 9.8088082517522573e-02,
          -6.0980610230643206e-01, -3.5338906801642603e-02,
          7.9176238812910438e-01 ]
   - !!opencv-matrix
      rows: 3
      cols: 3
      dt: d
      data: [ 4.2029991312608983e-01, -1.9997761980138626e-01,
          8.8507453618594933e-01, 7.8672552621803726e-02,
          9.7977013023238968e-01, 1.8401391623563595e-01,
          -9.0396825856341334e-01, -7.7099599855217135e-03,
          4.2753005043721864e-01 ]
   - !!opencv-matrix
      rows: 3
      cols: 3
      dt: d
      data: [ 5.7208761467527847e-02, -2.5135472800266184e-01,
          9.6620285567889896e-01, 4.5314371244017708e-02,
          9.6744420786477314e-01, 2.4899460320991129e-01,
          -9.9733332711291189e-01, 2.9538202037526190e-02,
          6.6736266379528925e-02 ]
   - !!opencv-matrix
      rows: 3
      cols: 3
      dt: d
      data: [ -3.7859857345275000e-01, -2.9416384356279590e-01,
          8.7757093919517726e-01, -4.3548099061344325e-03,
          9.4870597371970122e-01, 3.1612973770152430e-01,
          -9.2555073108405261e-01, 1.1586461310044627e-01,
          -3.6045975589635482e-01 ]
   - !!opencv-matrix
      rows: 3
      cols: 3
      dt: d
      data: [ -7.4370381152810427e-01, -2.9477795516811545e-01,
          6.0000883148956607e-01, -1.0618678210840470e-01,
          9.3822716885581126e-01, 3.2932377218517228e-01,
          -6.6002197540993435e-01, 1.8120633754842463e-01,
          -7.2906464405308657e-01 ]
