%YAML:1.0
---
Camera Count: 6
Point Count: 120
Rotations:
   - !!opencv-matrix
      rows: 3
      cols: 3
      dt: d
      data: [ 9.9977032061421955e-01, -1.9862254805143999e-02,
          8.0496492467739059e-03, 1.9817307815694973e-02,
          9.9978779125511841e-01, 5.6255460312620090e-03,
          -8.1596770695015024e-03, -5.4647315823731744e-03,
          9.9995177702669946e-01 ]
   - !!opencv-matrix
      rows: 3
      cols: 3
      dt: d
      data: [ 7.6851861547192657e-01, -1.3466095042912285e-01,
          6.2549625586620283e-01, 8.4267404929616568e-02,
          9.9038826086070531e-01, 1.0968179983814744e-01,
          -6.3425400443319313e-01, -3.1583558679045672e-02,
          7.7247934385433648e-01 ]
   - !!opencv-matrix
      rows: 3
      cols: 3
      dt: d
      data: [ 4.1677247335215928e-01, -2.0804232194847794e-01,
          8.8488366338983204e-01, 8.0996328371989890e-02,
          9.7808488725139697e-01, 1.9180601690426488e-01,
          -9.0539510725769912e-01, -8.2671402980843134e-03,
          4.2448952183194266e-01 ]
   - !!opencv-matrix
      rows: 3
      cols: 3
      dt: d
      data: [ 7.6471164110811049e-02, -2.5194704100633181e-01,
          9.6471490585959707e-01, 6.1267306133859195e-02,
          9.6690710437034189e-01, 2.4766301443142730e-01,
          -9.9518765982031632e-01, 4.0166404448433293e-02,
          8.9376628349068413e-02 ]
   - !!opencv-matrix
      rows: 3
      cols: 3
      dt: d
      data: [ -3.8444070302204675e-01, -2.8066323054535258e-01,
          8.7945067904900764e-01, 9.7442598107019829e-04,
          9.5253923526921558e-01, 3.0441428311882024e-01,
          -9.2314917340260993e-01, 1.1788620060288682e-01,
          -3.6592136771920558e-01 ]
   - !!opencv-matrix
      rows: 3
      cols: 3
      dt: d
      data: [ -7.3369287178908760e-01, -2.7341908210246574e-01,
          6.2204242253091269e-01, -6.9812764869742361e-02,
          9.4095535757688920e-01, 3.3125397040426607e-01,
          -6.7588530665130131e-01, 1.9961217545428789e-01,
          -7.0946038061563599e-01 ]
Motions:
   - !!opencv-matrix
      rows: 3
      cols: 1
      dt: d
      data: [ 5.5442847799672474e+00, 2.3256592581386748e+01,
          5.7951631096925587e+02 ]
   - !!opencv-matrix
      rows: 3
      cols: 1
      dt: d
      data: [ 5.1883472903357930e+00, 2.2265295613218168e+01,
          5.9477973648825707e+02 ]
   - !!opencv-matrix
      rows: 3
      cols: 1
      dt: d
      data: [ 3.5771043874884167e+00, 2.1637216271064368e+01,
          5.9596064322546999e+02 ]
   - !!opencv-matrix
      rows: 3
      cols: 1
      dt: d
      data: [ 6.8960899828857025e+00, 2.1345277592966095e+01,
          6.0160444401906523e+02 ]
   - !!opencv-matrix
      rows: 3
      cols: 1
      dt: d
      data: [ 6.2297641296833097e+00, 2.0983703163686350e+01,
          5.9524736255332948e+02 ]
   - !!opencv-matrix
      rows: 3
      cols: 1
      dt: d
      data: [ 1.2047240194158356e+01, 2.0045682095431140e+01,
          5.8479382144522140e+02 ]
Points:
   -[ 38.9076, 70.6081,
      -93.3646 ]
   -[ 43.5809, 56.0677,
      -99.6936 ]
   -[ 18.1019, -25.7234,
      -118.62 ]
   -[ 11.2682, -40.4835,
      -116.419 ]
   -[ -11.1609, 12.7309,
      -121.653 ]
   -[ -1.47843, 25.7336,
      -119.629 ]
   -[ 45.2473, -69.8516,
      -93.9827 ]
   -[ 50.5262, -80.7707,
      -83.2764 ]
   -[ 3.82415, -12.8569,
      -121.838 ]
   -[ 4.41025, 3.77537,
      -122.012 ]
   -[ -9.80157, -52.6116,
      -113.663 ]
   -[ -10.9153, -37.0028,
      -118.433 ]
   -[ 55.2824, 35.0561,
      -101.748 ]
   -[ 41.1542, 32.4571,
      -109.272 ]
   -[ 23.4284, 47.8818,
      -110.146 ]
   -[ 7.98444, 50.297,
      -111.831 ]
   -[ 32.1913, 14.9477,
      -115.873 ]
   -[ 18.9377, 23.8318,
      -117.755 ]
   -[ 84.7262, -9.49955,
      -86.0093 ]
   -[ 80.4182, 6.08216,
      -89.8551 ]
   -[ 43.3924, -23.0265,
      -111.547 ]
   -[ 33.4277, -11.0194,
      -116.469 ]
   -[ 57.6974, 11.3948,
      -105.283 ]
   -[ 57.5393, -5.40889,
      -106.144 ]
   -[ 70.9931, 24.1485,
      -94.7536 ]
   -[ 71.0469, 40.1081,
      -89.7586 ]
   -[ 25.4485, -64.6245,
      -104.251 ]
   -[ 10.7805, -60.9877,
      -109.083 ]
   -[ 31.0796, -48.0937,
      -109.625 ]
   -[ 45.9038, -43.6426,
      -105.554 ]
   -[ 70.8003, -19.325,
      -96.8791 ]
   -[ 67.094, -35.5894,
      -96.0975 ]
   -[ 69.7212, -58.5627,
      -84.3547 ]
   -[ 58.5446, -53.6181,
      -94.8552 ]
   -[ 54.2516, 77.8503,
      -79.5732 ]
   -[ 61.7572, 64.1657,
      -84.383 ]
   -[ 86.9258, 64.7862,
      -55.8475 ]
   -[ 75.49, 70.6145,
      -65.5422 ]
   -[ 90.3631, 33.4209,
      -72.5524 ]
   -[ 81.8359, 47.0295,
      -75.953 ]
   -[ 117.031, 23.4546,
      -11.563 ]
   -[ 117.057, 11.1921,
      -23.0863 ]
   -[ 70.6184, -83.4618,
      -62.5928 ]
   -[ 72.5919, -70.9963,
      -72.8296 ]
   -[ 94.3144, 71.2288,
      -32.0155 ]
   -[ 99.2685, 57.3454,
      -40.2188 ]
   -[ 108.908, 30.1454,
      -42.2242 ]
   -[ 112.909, 31.8592,
      -26.507 ]
   -[ 102.771, 22.5159,
      -58.2471 ]
   -[ 97.9062, 38.4616,
      -59.0973 ]
   -[ 95.114, -22.1043,
      -71.5113 ]
   -[ 85.6698, -32.2297,
      -80.3652 ]
   -[ 81.7043, -82.8826,
      -46.6813 ]
   -[ 90.6322, -69.2954,
      -48.9237 ]
   -[ 110.82, -41.7615,
      -27.4441 ]
   -[ 115.829, -28.9971,
      -17.9378 ]
   -[ 100.762, -63.3551,
      -33.2093 ]
   -[ 105.155, -61.433,
      -17.6245 ]
   -[ 115.303, -12.8563,
      -31.826 ]
   -[ 112.137, -2.0195,
      -43.6566 ]
   -[ 94.2643, 1.88775,
      -74.7885 ]
   -[ 102.86, -3.26234,
      -62.1884 ]
   -[ 86.4784, -59.4703,
      -65.1371 ]
   -[ 92.4859, -44.1337,
      -66.7561 ]
   -[ 103.892, -45.7127,
      -45.8448 ]
   -[ 106.11, -30.1759,
      -51.0279 ]
   -[ 75.7446, -95.0416,
      -31.3055 ]
   -[ 87.8144, -85.6223,
      -23.9473 ]
   -[ 110.96, 24.704,
      41.3788 ]
   -[ 110.815, 37.712,
      31.2022 ]
   -[ 107.521, 53.275,
      -19.3971 ]
   -[ 112.783, 42.7516,
      -8.07488 ]
   -[ 104.607, -53.4583,
      32.6882 ]
   -[ 102.278, -64.9027,
      20.8152 ]
   -[ 101.636, 69.359,
      1.23507 ]
   -[ 98.871, 72.3531,
      -14.3993 ]
   -[ 113.033, 41.0045,
      10.6316 ]
   -[ 107.495, 54.8119,
      18.2178 ]
   -[ 112.542, -1.49464,
      42.8229 ]
   -[ 111.992, -18.2326,
      40.3628 ]
   -[ 118.918, 8.88517,
      7.38691 ]
   -[ 117.07, 9.60541,
      23.6004 ]
   -[ 112.215, -46.1343,
      -3.9576 ]
   -[ 111.901, -44.8721,
      12.3402 ]
   -[ 112.634, -32.0786,
      28.6941 ]
   -[ 116.806, -20.7164,
      17.7535 ]
   -[ 96.3212, -78.9955,
      -4.50047 ]
   -[ 104.222, -65.4798,
      -0.269293 ]
   -[ 119.398, -4.92539,
      -6.80169 ]
   -[ 118.186, -20.4854,
      -0.998945 ]
   -[ 92.6501, -81.4737,
      18.0625 ]
   -[ 87.5124, -82.4704,
      33.2239 ]
   -[ 103.946, 3.23612,
      62.0719 ]
   -[ 104.043, 19.7772,
      59.2393 ]
   -[ 84.6803, -66.9712,
      60.536 ]
   -[ 92.7127, -66.4477,
      46.8258 ]
   -[ 98.8644, -42.4597,
      57.144 ]
   -[ 105.369, -28.4344,
      52.172 ]
   -[ 86.8649, 75.0849,
      48.2239 ]
   -[ 91.1672, 61.2446,
      57.9097 ]
   -[ 100.74, 43.858,
      54.4067 ]
   -[ 92.8637, 44.2165,
      68.2593 ]
   -[ 96.6388, 69.4342,
      34.8956 ]
   -[ 105.065, 53.9934,
      35.8916 ]
   -[ 67.8617, 30.4764,
      98.1931 ]
   -[ 63.6029, 15.6119,
      103.652 ]
   -[ 100.312, -16.2415,
      66.5597 ]
   -[ 91.5833, -15.3034,
      79.6689 ]
   -[ 68.9005, -62.635,
      80.3844 ]
   -[ 63.3711, -51.5884,
      91.2625 ]
   -[ 81.6953, 1.52585,
      91.7572 ]
   -[ 79.6307, -15.0339,
      92.0337 ]
   -[ 91.7941, 12.2789,
      80.814 ]
   -[ 83.6503, 25.4032,
      87.0591 ]
   -[ 55.5985, -33.3858,
      103.045 ]
   -[ 67.7254, -23.3385,
      99.1278 ]
   -[ 53.7796, -86.3129,
      69.5827 ]
   -[ 68.1173, -81.2829,
      63.8933 ]
   -[ 85.1599, -47.1589,
      75.5703 ]
   -[ 85.6235, -31.7692,
      82.2818 ]
