%YAML:1.0
---
Camera Count: 6
Point Count: 120
Rotations:
   - !!opencv-matrix
      rows: 3
      cols: 3
      dt: d
      data: [ 9.9976591491469136e-01, -2.0037779676197357e-02,
          8.1610514296994521e-03, 1.9991512283783059e-02,
          9.9978383310834074e-01, 5.7119604166067832e-03,
          -8.2737422849263505e-03, -5.5474715719599612e-03,
          9.9995038414301385e-01 ]
   - !!opencv-matrix
      rows: 3
      cols: 3
      dt: d
      data: [ 7.6847225879843373e-01, -1.3448926060754351e-01,
          6.2559014237635591e-01, 8.4150757666269990e-02,
          9.9041294622267584e-01, 1.0954837259727654e-01,
          -6.3432565567019727e-01, -3.1541000868001462e-02,
          7.7242224710505270e-01 ]
   - !!opencv-matrix
      rows: 3
      cols: 3
      dt: d
      data: [ 4.1677634078095538e-01, -2.0806074934869961e-01,
          8.8487750923260267e-01, 8.0970269584999768e-02,
          9.7808064644285331e-01, 1.9183864182500621e-01,
          -9.0539565782511322e-01, -8.3050366879474508e-03,
          4.2448760777794498e-01 ]
   - !!opencv-matrix
      rows: 3
      cols: 3
      dt: d
      data: [ 7.6434390328602900e-02, -2.5197969756051314e-01,
          9.6470929092261115e-01, 6.1261303272141285e-02,
          9.6689858134132356e-01, 2.4769777173308388e-01,
          -9.9519085440758226e-01, 4.0166720272490783e-02,
          8.9340908245092165e-02 ]
   - !!opencv-matrix
      rows: 3
      cols: 3
      dt: d
      data: [ -3.8428510260207688e-01, -2.8053210292515751e-01,
          8.7956051477229247e-01, 1.0359382752382074e-03,
          9.5258363175423166e-01, 3.0427512442821925e-01,
          -9.2321389003307419e-01, 1.1783956781279878e-01,
          -3.6577308472288067e-01 ]
   - !!opencv-matrix
      rows: 3
      cols: 3
      dt: d
      data: [ -7.3342458123844168e-01, -2.7347782611833760e-01,
          6.2233291914923217e-01, -6.9907907383000914e-02,
          9.4099430282350771e-01, 3.3112324977118279e-01,
          -6.7616659790361289e-01, 1.9934793872846449e-01,
          -7.0926661503567623e-01 ]
Motions:
   - !!opencv-matrix
      rows: 3
      cols: 1
      dt: d
      data: [ 5.5443059033767756e+00, 2.3256611740699242e+01,
          5.7951633825238434e+02 ]
   - !!opencv-matrix
      rows: 3
      cols: 1
      dt: d
      data: [ 5.1883784370299972e+00, 2.2265314677526170e+01,
          5.9477979145728307e+02 ]
   - !!opencv-matrix
      rows: 3
      cols: 1
      dt: d
      data: [ 3.5771035987433613e+00, 2.1637205455937991e+01,
          5.9596066093318859e+02 ]
   - !!opencv-matrix
      rows: 3
      cols: 1
      dt: d
      data: [ 6.8961151864146215e+00, 2.1345357501634748e+01,
          6.0160447069868371e+02 ]
   - !!opencv-matrix
      rows: 3
      cols: 1
      dt: d
      data: [ 6.2297862673362605e+00, 2.0983684489747656e+01,
          5.9524739637287939e+02 ]
   - !!opencv-matrix
      rows: 3
      cols: 1
      dt: d
      data: [ 1.2047052701409379e+01, 2.0045661216538697e+01,
          5.8479377846621787e+02 ]
Points:
   -[ 38.9076, 70.6081,
      -93.3646 ]
   -[ 43.5809, 56.0677,
      -99.6935 ]
   -[ 18.102, -25.7234,
      -118.62 ]
   -[ 11.2682, -40.4835,
      -116.419 ]
   -[ -11.1608, 12.7309,
      -121.653 ]
   -[ -1.47839, 25.7336,
      -119.629 ]
   -[ 45.2473, -69.8516,
      -93.9828 ]
   -[ 50.5262, -80.7707,
      -83.2764 ]
   -[ 3.82418, -12.8569,
      -121.838 ]
   -[ 4.41029, 3.77539,
      -122.012 ]
   -[ -9.80157, -52.6116,
      -113.663 ]
   -[ -10.9152, -37.0028,
      -118.433 ]
   -[ 55.2824, 35.0561,
      -101.748 ]
   -[ 41.1543, 32.4571,
      -109.272 ]
   -[ 23.4284, 47.8818,
      -110.146 ]
   -[ 7.98448, 50.297,
      -111.831 ]
   -[ 32.1912, 14.9477,
      -115.873 ]
   -[ 18.9378, 23.8318,
      -117.755 ]
   -[ 84.7263, -9.49955,
      -86.0092 ]
   -[ 80.4181, 6.0822,
      -89.8551 ]
   -[ 43.3923, -23.0265,
      -111.547 ]
   -[ 33.4277, -11.0194,
      -116.469 ]
   -[ 57.6974, 11.3949,
      -105.283 ]
   -[ 57.5393, -5.40886,
      -106.144 ]
   -[ 70.993, 24.1485,
      -94.7536 ]
   -[ 71.0469, 40.1081,
      -89.7587 ]
   -[ 25.4485, -64.6245,
      -104.251 ]
   -[ 10.7806, -60.9877,
      -109.083 ]
   -[ 31.0796, -48.0937,
      -109.625 ]
   -[ 45.9038, -43.6426,
      -105.554 ]
   -[ 70.8003, -19.3251,
      -96.879 ]
   -[ 67.094, -35.5895,
      -96.0975 ]
   -[ 69.7212, -58.5627,
      -84.3547 ]
   -[ 58.5446, -53.6181,
      -94.8552 ]
   -[ 54.2516, 77.8503,
      -79.5732 ]
   -[ 61.7573, 64.1657,
      -84.383 ]
   -[ 86.9258, 64.7862,
      -55.8474 ]
   -[ 75.4901, 70.6145,
      -65.5422 ]
   -[ 90.3631, 33.4209,
      -72.5524 ]
   -[ 81.8359, 47.0295,
      -75.9529 ]
   -[ 117.031, 23.4545,
      -11.563 ]
   -[ 117.057, 11.1921,
      -23.0863 ]
   -[ 70.6184, -83.4618,
      -62.5928 ]
   -[ 72.5919, -70.9963,
      -72.8296 ]
   -[ 94.3144, 71.2287,
      -32.0156 ]
   -[ 99.2685, 57.3454,
      -40.2188 ]
   -[ 108.908, 30.1454,
      -42.2243 ]
   -[ 112.909, 31.8592,
      -26.507 ]
   -[ 102.771, 22.5159,
      -58.2471 ]
   -[ 97.9062, 38.4616,
      -59.0973 ]
   -[ 95.114, -22.1043,
      -71.5112 ]
   -[ 85.6698, -32.2297,
      -80.3652 ]
   -[ 81.7043, -82.8826,
      -46.6813 ]
   -[ 90.6322, -69.2954,
      -48.9236 ]
   -[ 110.82, -41.7615,
      -27.444 ]
   -[ 115.829, -28.9972,
      -17.9378 ]
   -[ 100.762, -63.3551,
      -33.2094 ]
   -[ 105.155, -61.4331,
      -17.6244 ]
   -[ 115.303, -12.8563,
      -31.826 ]
   -[ 112.137, -2.01951,
      -43.6566 ]
   -[ 94.2643, 1.88775,
      -74.7885 ]
   -[ 102.86, -3.26234,
      -62.1883 ]
   -[ 86.4784, -59.4703,
      -65.1371 ]
   -[ 92.4859, -44.1337,
      -66.7561 ]
   -[ 103.892, -45.7127,
      -45.8448 ]
   -[ 106.11, -30.1759,
      -51.0278 ]
   -[ 75.7446, -95.0416,
      -31.3055 ]
   -[ 87.8144, -85.6223,
      -23.9473 ]
   -[ 110.96, 24.7039,
      41.3788 ]
   -[ 110.815, 37.712,
      31.2021 ]
   -[ 107.521, 53.2749,
      -19.3971 ]
   -[ 112.783, 42.7515,
      -8.07489 ]
   -[ 104.607, -53.4583,
      32.6882 ]
   -[ 102.278, -64.9027,
      20.8152 ]
   -[ 101.636, 69.3589,
      1.23509 ]
   -[ 98.871, 72.3531,
      -14.3993 ]
   -[ 113.033, 41.0045,
      10.6316 ]
   -[ 107.495, 54.8119,
      18.2178 ]
   -[ 112.542, -1.49471,
      42.8229 ]
   -[ 111.992, -18.2326,
      40.3628 ]
   -[ 118.918, 8.88521,
      7.3868 ]
   -[ 117.07, 9.60539,
      23.6004 ]
   -[ 112.215, -46.1343,
      -3.95771 ]
   -[ 111.901, -44.8721,
      12.3402 ]
   -[ 112.634, -32.0787,
      28.6942 ]
   -[ 116.806, -20.7164,
      17.7535 ]
   -[ 96.3212, -78.9955,
      -4.50049 ]
   -[ 104.222, -65.4798,
      -0.269308 ]
   -[ 119.398, -4.92536,
      -6.80181 ]
   -[ 118.186, -20.4854,
      -0.999081 ]
   -[ 92.6501, -81.4737,
      18.0625 ]
   -[ 87.5124, -82.4703,
      33.2238 ]
   -[ 103.946, 3.23615,
      62.0719 ]
   -[ 104.043, 19.7773,
      59.2392 ]
   -[ 84.6803, -66.9712,
      60.536 ]
   -[ 92.7128, -66.4477,
      46.8258 ]
   -[ 98.8644, -42.4597,
      57.144 ]
   -[ 105.369, -28.4344,
      52.1719 ]
   -[ 86.8649, 75.0849,
      48.2239 ]
   -[ 91.1673, 61.2446,
      57.9097 ]
   -[ 100.74, 43.8581,
      54.4067 ]
   -[ 92.8637, 44.2165,
      68.2594 ]
   -[ 96.6388, 69.4342,
      34.8956 ]
   -[ 105.065, 53.9934,
      35.8916 ]
   -[ 67.8617, 30.4764,
      98.1931 ]
   -[ 63.6029, 15.6118,
      103.652 ]
   -[ 100.312, -16.2414,
      66.5596 ]
   -[ 91.5833, -15.3034,
      79.669 ]
   -[ 68.9005, -62.6349,
      80.3844 ]
   -[ 63.3711, -51.5884,
      91.2625 ]
   -[ 81.6953, 1.52589,
      91.7573 ]
   -[ 79.6307, -15.0338,
      92.0336 ]
   -[ 91.7941, 12.2789,
      80.814 ]
   -[ 83.6502, 25.4032,
      87.0591 ]
   -[ 55.5985, -33.3858,
      103.045 ]
   -[ 67.7254, -23.3384,
      99.1278 ]
   -[ 53.7796, -86.3129,
      69.5827 ]
   -[ 68.1173, -81.2829,
      63.8933 ]
   -[ 85.1598, -47.1589,
      75.5704 ]
   -[ 85.6234, -31.7692,
      82.2818 ]
